VENDOR INFORMATION,,,,,,,,,,,,,,,,,,,,,,,,,,,,,,,,,,,,,,,,,,,,,,,,,,,,,,,,,,,,,,,,,,,,,,,,,,,,,,,,,,,,,,,,,,,,,,,,,,,,,,,,,,,,,,,,,,,,,
Omnitech Electronics Inc.,,,,,,,,,,,,,,,,,,,,,,,,,,,,,,,,,,,,,,,,,,,,,,,,,,,,,,,,,,,,,,,,,,,,,,,,,,,,,,,,,,,,,,,,,,,,,,,,,,,,,,,,,,,,,,,,,,,,,
5090 Trabue Road,,,,,,,,,,,,,,,,,,,,,,,,,,,,,,,,,,,,,,,,,,,,,,,,,,,,,,,,,,,,,,,,,,,,,,,,,,,,,,,,,,,,,,,,,,,,,,,,,,,,,,,,,,,,,,,,,,,,,
Columbus Ohio 43228,,,,,,,,,,,,,,,,,,,,,,,,,,,,,,,,,,,,,,,,,,,,,,,,,,,,,,,,,,,,,,,,,,,,,,,,,,,,,,,,,,,,,,,,,,,,,,,,,,,,,,,,,,,,,,,,,,,,,
www.Omnitech-Electronics.com,,,,,,,,,,,,,,,,,,,,,,,,,,,,,,,,,,,,,,,,,,,,,,,,,,,,,,,,,,,,,,,,,,,,,,,,,,,,,,,,,,,,,,,,,,,,,,,,,,,,,,,,,,,,,,,,,,,,,
,,,,,,,,,,,,,,,,,,,,,,,,,,,,,,,,,,,,,,,,,,,,,,,,,,,,,,,,,,,,,,,,,,,,,,,,,,,,,,,,,,,,,,,,,,,,,,,,,,,,,,,,,,,,,,,,,,,,,
VARIABLE NAME,VARIABLE DESCRIPTION,,,,,,,,,,,,,,,,,,,,,,,,,,,,,,,,,,,,,,,,,,,,,,,,,,,,,,,,,,,,,,,,,,,,,,,,,,,,,,,,,,,,,,,,,,,,,,,,,,,,,,,,,,,,,,,,,,,,
Experiment,The name of the relevant Experiment (this value is user created at acquisition time),,,,,,,,,,,,,,,,,,,,,,,,,,,,,,,,,,,,,,,,,,,,,,,,,,,,,,,,,,,,,,,,,,,,,,,,,,,,,,,,,,,,,,,,,,,,,,,,,,,,,,,,,,,,,,,,,,,,
Cage,The name of the relevant Cage,,,,,,,,,,,,,,,,,,,,,,,,,,,,,,,,,,,,,,,,,,,,,,,,,,,,,,,,,,,,,,,,,,,,,,,,,,,,,,,,,,,,,,,,,,,,,,,,,,,,,,,,,,,,,,,,,,,,
Subject ID,The name of the relevant Subject ID (this value is user created at acquisition time),,,,,,,,,,,,,,,,,,,,,,,,,,,,,,,,,,,,,,,,,,,,,,,,,,,,,,,,,,,,,,,,,,,,,,,,,,,,,,,,,,,,,,,,,,,,,,,,,,,,,,,,,,,,,,,,,,,,
Batch,The name of the relevant Batch,,,,,,,,,,,,,,,,,,,,,,,,,,,,,,,,,,,,,,,,,,,,,,,,,,,,,,,,,,,,,,,,,,,,,,,,,,,,,,,,,,,,,,,,,,,,,,,,,,,,,,,,,,,,,,,,,,,,
Phase,The name of the relevant Phase (this value is user created at acquisition time),,,,,,,,,,,,,,,,,,,,,,,,,,,,,,,,,,,,,,,,,,,,,,,,,,,,,,,,,,,,,,,,,,,,,,,,,,,,,,,,,,,,,,,,,,,,,,,,,,,,,,,,,,,,,,,,,,,,
Sample,The name of the relevant Sample,,,,,,,,,,,,,,,,,,,,,,,,,,,,,,,,,,,,,,,,,,,,,,,,,,,,,,,,,,,,,,,,,,,,,,,,,,,,,,,,,,,,,,,,,,,,,,,,,,,,,,,,,,,,,,,,,,,,
Start Time,Represents the time at which the experiment began (as expressed in the time zone in which the experiment was created).,,,,,,,,,,,,,,,,,,,,,,,,,,,,,,,,,,,,,,,,,,,,,,,,,,,,,,,,,,,,,,,,,,,,,,,,,,,,,,,,,,,,,,,,,,,,,,,,,,,,,,,,,,,,,,,,,,,,
Duration,Represents time elapsed since the start of the experiment.,,,,,,,,,,,,,,,,,,,,,,,,,,,,,,,,,,,,,,,,,,,,,,,,,,,,,,,,,,,,,,,,,,,,,,,,,,,,,,,,,,,,,,,,,,,,,,,,,,,,,,,,,,,,,,,,,,,,
Duration (Query),The total time spent in a zone. Query mode: the animal is considered to be within a zone if any part of the animal is within the zone.,,,,,,,,,,,,,,,,,,,,,,,,,,,,,,,,,,,,,,,,,,,,,,,,,,,,,,,,,,,,,,,,,,,,,,,,,,,,,,,,,,,,,,,,,,,,,,,,,,,,,,,,,,,,,,,,,,,,
Duration (Centroid),The total time spent in a zone. Centroid mode: the animal is considered to be within a zone if the center of the animal is within the zone.,,,,,,,,,,,,,,,,,,,,,,,,,,,,,,,,,,,,,,,,,,,,,,,,,,,,,,,,,,,,,,,,,,,,,,,,,,,,,,,,,,,,,,,,,,,,,,,,,,,,,,,,,,,,,,,,,,,,
Duration (WholeBody),The total time spent in a zone. Whole Body mode: the animal is only considered to be in the zone if every part of that animal is contained within the zone.,,,,,,,,,,,,,,,,,,,,,,,,,,,,,,,,,,,,,,,,,,,,,,,,,,,,,,,,,,,,,,,,,,,,,,,,,,,,,,,,,,,,,,,,,,,,,,,,,,,,,,,,,,,,,,,,,,,,
Duration (Crossover),The total time spent in a zone. Crossover mode: an animal is considered to be in the last confirmed zone until the animal's entire body crosses into a new zone.,,,,,,,,,,,,,,,,,,,,,,,,,,,,,,,,,,,,,,,,,,,,,,,,,,,,,,,,,,,,,,,,,,,,,,,,,,,,,,,,,,,,,,,,,,,,,,,,,,,,,,,,,,,,,,,,,,,,
Entry Count (Query),Increments by one when the subject enters the zone. Query mode: the animal is considered to be within a zone if any part of the animal is within the zone.,,,,,,,,,,,,,,,,,,,,,,,,,,,,,,,,,,,,,,,,,,,,,,,,,,,,,,,,,,,,,,,,,,,,,,,,,,,,,,,,,,,,,,,,,,,,,,,,,,,,,,,,,,,,,,,,,,,,
Entry Count (Centroid),Increments by one when the subject enters the zone. Centroid mode: the animal is considered to be within a zone if the center of the animal is within the zone.,,,,,,,,,,,,,,,,,,,,,,,,,,,,,,,,,,,,,,,,,,,,,,,,,,,,,,,,,,,,,,,,,,,,,,,,,,,,,,,,,,,,,,,,,,,,,,,,,,,,,,,,,,,,,,,,,,,,
Entry Count (WholeBody),Increments by one when the subject enters the zone. Whole Body mode: the animal is only considered to be in the zone if every part of that animal is contained within the zone.,,,,,,,,,,,,,,,,,,,,,,,,,,,,,,,,,,,,,,,,,,,,,,,,,,,,,,,,,,,,,,,,,,,,,,,,,,,,,,,,,,,,,,,,,,,,,,,,,,,,,,,,,,,,,,,,,,,,
Entry Count (Crossover),Increments by one when the subject enters the zone. Crossover mode: an animal is considered to be in the last confirmed zone until the animal's entire body crosses into a new zone.,,,,,,,,,,,,,,,,,,,,,,,,,,,,,,,,,,,,,,,,,,,,,,,,,,,,,,,,,,,,,,,,,,,,,,,,,,,,,,,,,,,,,,,,,,,,,,,,,,,,,,,,,,,,,,,,,,,,
Latency (Query),The time from the beginning of the sample until the moment at which the subject first enters the zone. Query mode: the animal is considered to be within a zone if any part of the animal is within the zone.,,,,,,,,,,,,,,,,,,,,,,,,,,,,,,,,,,,,,,,,,,,,,,,,,,,,,,,,,,,,,,,,,,,,,,,,,,,,,,,,,,,,,,,,,,,,,,,,,,,,,,,,,,,,,,,,,,,,
Latency (Centroid),The time from the beginning of the sample until the moment at which the subject first enters the zone. Centroid mode: the animal is considered to be within a zone if the center of the animal is within the zone.,,,,,,,,,,,,,,,,,,,,,,,,,,,,,,,,,,,,,,,,,,,,,,,,,,,,,,,,,,,,,,,,,,,,,,,,,,,,,,,,,,,,,,,,,,,,,,,,,,,,,,,,,,,,,,,,,,,,
Latency (WholeBody),The time from the beginning of the sample until the moment at which the subject first enters the zone. Whole Body mode: the animal is only considered to be in the zone if every part of that animal is contained within the zone.,,,,,,,,,,,,,,,,,,,,,,,,,,,,,,,,,,,,,,,,,,,,,,,,,,,,,,,,,,,,,,,,,,,,,,,,,,,,,,,,,,,,,,,,,,,,,,,,,,,,,,,,,,,,,,,,,,,,
Latency (Crossover),The time from the beginning of the sample until the moment at which the subject first enters the zone. Crossover mode: an animal is considered to be in the last confirmed zone until the animal's entire body crosses into a new zone.,,,,,,,,,,,,,,,,,,,,,,,,,,,,,,,,,,,,,,,,,,,,,,,,,,,,,,,,,,,,,,,,,,,,,,,,,,,,,,,,,,,,,,,,,,,,,,,,,,,,,,,,,,,,,,,,,,,,
Total Distance (Query),The total distance that the subject has traveled. This variable defines the subject's location as the centroid (center of mass) of the subject. Query mode: the animal is considered to be within a zone if any part of the animal is within the zone.,,,,,,,,,,,,,,,,,,,,,,,,,,,,,,,,,,,,,,,,,,,,,,,,,,,,,,,,,,,,,,,,,,,,,,,,,,,,,,,,,,,,,,,,,,,,,,,,,,,,,,,,,,,,,,,,,,,,
Total Distance (Centroid),The total distance that the subject has traveled. This variable defines the subject's location as the centroid (center of mass) of the subject. Centroid mode: the animal is considered to be within a zone if the center of the animal is within the zone.,,,,,,,,,,,,,,,,,,,,,,,,,,,,,,,,,,,,,,,,,,,,,,,,,,,,,,,,,,,,,,,,,,,,,,,,,,,,,,,,,,,,,,,,,,,,,,,,,,,,,,,,,,,,,,,,,,,,
Total Distance (WholeBody),The total distance that the subject has traveled. This variable defines the subject's location as the centroid (center of mass) of the subject. Whole Body mode: the animal is only considered to be in the zone if every part of that animal is contained within the zone.,,,,,,,,,,,,,,,,,,,,,,,,,,,,,,,,,,,,,,,,,,,,,,,,,,,,,,,,,,,,,,,,,,,,,,,,,,,,,,,,,,,,,,,,,,,,,,,,,,,,,,,,,,,,,,,,,,,,
Total Distance (Crossover),The total distance that the subject has traveled. This variable defines the subject's location as the centroid (center of mass) of the subject. Crossover mode: an animal is considered to be in the last confirmed zone until the animal's entire body crosses into a new zone.,,,,,,,,,,,,,,,,,,,,,,,,,,,,,,,,,,,,,,,,,,,,,,,,,,,,,,,,,,,,,,,,,,,,,,,,,,,,,,,,,,,,,,,,,,,,,,,,,,,,,,,,,,,,,,,,,,,,
Total Distance X-Axis (Query),The total distance that the subject has traveled in one dimension (X-Axis). This variable defines the subject's location as the centroid (center of mass) of the subject. Query mode: the animal is considered to be within a zone if any part of the animal is within the zone.,,,,,,,,,,,,,,,,,,,,,,,,,,,,,,,,,,,,,,,,,,,,,,,,,,,,,,,,,,,,,,,,,,,,,,,,,,,,,,,,,,,,,,,,,,,,,,,,,,,,,,,,,,,,,,,,,,,,
Total Distance X-Axis (Centroid),The total distance that the subject has traveled in one dimension (X-Axis). This variable defines the subject's location as the centroid (center of mass) of the subject. Centroid mode: the animal is considered to be within a zone if the center of the animal is within the zone.,,,,,,,,,,,,,,,,,,,,,,,,,,,,,,,,,,,,,,,,,,,,,,,,,,,,,,,,,,,,,,,,,,,,,,,,,,,,,,,,,,,,,,,,,,,,,,,,,,,,,,,,,,,,,,,,,,,,
Total Distance X-Axis (WholeBody),The total distance that the subject has traveled in one dimension (X-Axis). This variable defines the subject's location as the centroid (center of mass) of the subject. Whole Body mode: the animal is only considered to be in the zone if every part of that animal is contained within the zone.,,,,,,,,,,,,,,,,,,,,,,,,,,,,,,,,,,,,,,,,,,,,,,,,,,,,,,,,,,,,,,,,,,,,,,,,,,,,,,,,,,,,,,,,,,,,,,,,,,,,,,,,,,,,,,,,,,,,
Total Distance X-Axis (Crossover),The total distance that the subject has traveled in one dimension (X-Axis). This variable defines the subject's location as the centroid (center of mass) of the subject. Crossover mode: an animal is considered to be in the last confirmed zone until the animal's entire body crosses into a new zone.,,,,,,,,,,,,,,,,,,,,,,,,,,,,,,,,,,,,,,,,,,,,,,,,,,,,,,,,,,,,,,,,,,,,,,,,,,,,,,,,,,,,,,,,,,,,,,,,,,,,,,,,,,,,,,,,,,,,
Total Distance Y-Axis (Query),The total distance that the subject has traveled in one dimension (Y-Axis). This variable defines the subject's location as the centroid (center of mass) of the subject. Query mode: the animal is considered to be within a zone if any part of the animal is within the zone.,,,,,,,,,,,,,,,,,,,,,,,,,,,,,,,,,,,,,,,,,,,,,,,,,,,,,,,,,,,,,,,,,,,,,,,,,,,,,,,,,,,,,,,,,,,,,,,,,,,,,,,,,,,,,,,,,,,,
Total Distance Y-Axis (Centroid),The total distance that the subject has traveled in one dimension (Y-Axis). This variable defines the subject's location as the centroid (center of mass) of the subject. Centroid mode: the animal is considered to be within a zone if the center of the animal is within the zone.,,,,,,,,,,,,,,,,,,,,,,,,,,,,,,,,,,,,,,,,,,,,,,,,,,,,,,,,,,,,,,,,,,,,,,,,,,,,,,,,,,,,,,,,,,,,,,,,,,,,,,,,,,,,,,,,,,,,
Total Distance Y-Axis (WholeBody),The total distance that the subject has traveled in one dimension (Y-Axis). This variable defines the subject's location as the centroid (center of mass) of the subject. Whole Body mode: the animal is only considered to be in the zone if every part of that animal is contained within the zone.,,,,,,,,,,,,,,,,,,,,,,,,,,,,,,,,,,,,,,,,,,,,,,,,,,,,,,,,,,,,,,,,,,,,,,,,,,,,,,,,,,,,,,,,,,,,,,,,,,,,,,,,,,,,,,,,,,,,
Total Distance Y-Axis (Crossover),The total distance that the subject has traveled in one dimension (Y-Axis). This variable defines the subject's location as the centroid (center of mass) of the subject. Crossover mode: an animal is considered to be in the last confirmed zone until the animal's entire body crosses into a new zone.,,,,,,,,,,,,,,,,,,,,,,,,,,,,,,,,,,,,,,,,,,,,,,,,,,,,,,,,,,,,,,,,,,,,,,,,,,,,,,,,,,,,,,,,,,,,,,,,,,,,,,,,,,,,,,,,,,,,
Horizontal Activity Count (Query),A count of sensor changes (beam breaks). Query mode: the animal is considered to be within a zone if any part of the animal is within the zone.,,,,,,,,,,,,,,,,,,,,,,,,,,,,,,,,,,,,,,,,,,,,,,,,,,,,,,,,,,,,,,,,,,,,,,,,,,,,,,,,,,,,,,,,,,,,,,,,,,,,,,,,,,,,,,,,,,,,
Horizontal Activity Count (Centroid),A count of sensor changes (beam breaks). Centroid mode: the animal is considered to be within a zone if the center of the animal is within the zone.,,,,,,,,,,,,,,,,,,,,,,,,,,,,,,,,,,,,,,,,,,,,,,,,,,,,,,,,,,,,,,,,,,,,,,,,,,,,,,,,,,,,,,,,,,,,,,,,,,,,,,,,,,,,,,,,,,,,
Horizontal Activity Count (WholeBody),A count of sensor changes (beam breaks). Whole Body mode: the animal is only considered to be in the zone if every part of that animal is contained within the zone.,,,,,,,,,,,,,,,,,,,,,,,,,,,,,,,,,,,,,,,,,,,,,,,,,,,,,,,,,,,,,,,,,,,,,,,,,,,,,,,,,,,,,,,,,,,,,,,,,,,,,,,,,,,,,,,,,,,,
Horizontal Activity Count (Crossover),A count of sensor changes (beam breaks). Crossover mode: an animal is considered to be in the last confirmed zone until the animal's entire body crosses into a new zone.,,,,,,,,,,,,,,,,,,,,,,,,,,,,,,,,,,,,,,,,,,,,,,,,,,,,,,,,,,,,,,,,,,,,,,,,,,,,,,,,,,,,,,,,,,,,,,,,,,,,,,,,,,,,,,,,,,,,
Ambulatory Activity Count (Query),Number of beam breaks while animal is ambulating. Does not include stereotypy behavior. Query mode: the animal is considered to be within a zone if any part of the animal is within the zone.,,,,,,,,,,,,,,,,,,,,,,,,,,,,,,,,,,,,,,,,,,,,,,,,,,,,,,,,,,,,,,,,,,,,,,,,,,,,,,,,,,,,,,,,,,,,,,,,,,,,,,,,,,,,,,,,,,,,
Ambulatory Activity Count (Centroid),Number of beam breaks while animal is ambulating. Does not include stereotypy behavior. Centroid mode: the animal is considered to be within a zone if the center of the animal is within the zone.,,,,,,,,,,,,,,,,,,,,,,,,,,,,,,,,,,,,,,,,,,,,,,,,,,,,,,,,,,,,,,,,,,,,,,,,,,,,,,,,,,,,,,,,,,,,,,,,,,,,,,,,,,,,,,,,,,,,
Ambulatory Activity Count (WholeBody),Number of beam breaks while animal is ambulating. Does not include stereotypy behavior. Whole Body mode: the animal is only considered to be in the zone if every part of that animal is contained within the zone.,,,,,,,,,,,,,,,,,,,,,,,,,,,,,,,,,,,,,,,,,,,,,,,,,,,,,,,,,,,,,,,,,,,,,,,,,,,,,,,,,,,,,,,,,,,,,,,,,,,,,,,,,,,,,,,,,,,,
Ambulatory Activity Count (Crossover),Number of beam breaks while animal is ambulating. Does not include stereotypy behavior. Crossover mode: an animal is considered to be in the last confirmed zone until the animal's entire body crosses into a new zone.,,,,,,,,,,,,,,,,,,,,,,,,,,,,,,,,,,,,,,,,,,,,,,,,,,,,,,,,,,,,,,,,,,,,,,,,,,,,,,,,,,,,,,,,,,,,,,,,,,,,,,,,,,,,,,,,,,,,
Rest Time (Query),The length of time that the subject spent at rest.  A resting period is defined as a period of inactivity greater than or equal to 1 second. Query mode: the animal is considered to be within a zone if any part of the animal is within the zone.,,,,,,,,,,,,,,,,,,,,,,,,,,,,,,,,,,,,,,,,,,,,,,,,,,,,,,,,,,,,,,,,,,,,,,,,,,,,,,,,,,,,,,,,,,,,,,,,,,,,,,,,,,,,,,,,,,,,
Rest Time (Centroid),The length of time that the subject spent at rest.  A resting period is defined as a period of inactivity greater than or equal to 1 second. Centroid mode: the animal is considered to be within a zone if the center of the animal is within the zone.,,,,,,,,,,,,,,,,,,,,,,,,,,,,,,,,,,,,,,,,,,,,,,,,,,,,,,,,,,,,,,,,,,,,,,,,,,,,,,,,,,,,,,,,,,,,,,,,,,,,,,,,,,,,,,,,,,,,
Rest Time (WholeBody),The length of time that the subject spent at rest.  A resting period is defined as a period of inactivity greater than or equal to 1 second. Whole Body mode: the animal is only considered to be in the zone if every part of that animal is contained within the zone.,,,,,,,,,,,,,,,,,,,,,,,,,,,,,,,,,,,,,,,,,,,,,,,,,,,,,,,,,,,,,,,,,,,,,,,,,,,,,,,,,,,,,,,,,,,,,,,,,,,,,,,,,,,,,,,,,,,,
Rest Time (Crossover),The length of time that the subject spent at rest.  A resting period is defined as a period of inactivity greater than or equal to 1 second. Crossover mode: an animal is considered to be in the last confirmed zone until the animal's entire body crosses into a new zone.,,,,,,,,,,,,,,,,,,,,,,,,,,,,,,,,,,,,,,,,,,,,,,,,,,,,,,,,,,,,,,,,,,,,,,,,,,,,,,,,,,,,,,,,,,,,,,,,,,,,,,,,,,,,,,,,,,,,
Rest Episode Count (Query),The total number of resting periods.  A resting period is defined as a period of inactivity greater than or equal to 1 second. Query mode: the animal is considered to be within a zone if any part of the animal is within the zone.,,,,,,,,,,,,,,,,,,,,,,,,,,,,,,,,,,,,,,,,,,,,,,,,,,,,,,,,,,,,,,,,,,,,,,,,,,,,,,,,,,,,,,,,,,,,,,,,,,,,,,,,,,,,,,,,,,,,
Rest Episode Count (Centroid),The total number of resting periods.  A resting period is defined as a period of inactivity greater than or equal to 1 second. Centroid mode: the animal is considered to be within a zone if the center of the animal is within the zone.,,,,,,,,,,,,,,,,,,,,,,,,,,,,,,,,,,,,,,,,,,,,,,,,,,,,,,,,,,,,,,,,,,,,,,,,,,,,,,,,,,,,,,,,,,,,,,,,,,,,,,,,,,,,,,,,,,,,
Rest Episode Count (WholeBody),The total number of resting periods.  A resting period is defined as a period of inactivity greater than or equal to 1 second. Whole Body mode: the animal is only considered to be in the zone if every part of that animal is contained within the zone.,,,,,,,,,,,,,,,,,,,,,,,,,,,,,,,,,,,,,,,,,,,,,,,,,,,,,,,,,,,,,,,,,,,,,,,,,,,,,,,,,,,,,,,,,,,,,,,,,,,,,,,,,,,,,,,,,,,,
Rest Episode Count (Crossover),The total number of resting periods.  A resting period is defined as a period of inactivity greater than or equal to 1 second. Crossover mode: an animal is considered to be in the last confirmed zone until the animal's entire body crosses into a new zone.,,,,,,,,,,,,,,,,,,,,,,,,,,,,,,,,,,,,,,,,,,,,,,,,,,,,,,,,,,,,,,,,,,,,,,,,,,,,,,,,,,,,,,,,,,,,,,,,,,,,,,,,,,,,,,,,,,,,
Movement Time (Query),The length of time that the subject spent in activity. Activity is defined as a period in which ambulation or stereotypy occurred. Query mode: the animal is considered to be within a zone if any part of the animal is within the zone.,,,,,,,,,,,,,,,,,,,,,,,,,,,,,,,,,,,,,,,,,,,,,,,,,,,,,,,,,,,,,,,,,,,,,,,,,,,,,,,,,,,,,,,,,,,,,,,,,,,,,,,,,,,,,,,,,,,,
Movement Time (Centroid),The length of time that the subject spent in activity. Activity is defined as a period in which ambulation or stereotypy occurred. Centroid mode: the animal is considered to be within a zone if the center of the animal is within the zone.,,,,,,,,,,,,,,,,,,,,,,,,,,,,,,,,,,,,,,,,,,,,,,,,,,,,,,,,,,,,,,,,,,,,,,,,,,,,,,,,,,,,,,,,,,,,,,,,,,,,,,,,,,,,,,,,,,,,
Movement Time (WholeBody),The length of time that the subject spent in activity. Activity is defined as a period in which ambulation or stereotypy occurred. Whole Body mode: the animal is only considered to be in the zone if every part of that animal is contained within the zone.,,,,,,,,,,,,,,,,,,,,,,,,,,,,,,,,,,,,,,,,,,,,,,,,,,,,,,,,,,,,,,,,,,,,,,,,,,,,,,,,,,,,,,,,,,,,,,,,,,,,,,,,,,,,,,,,,,,,
Movement Time (Crossover),The length of time that the subject spent in activity. Activity is defined as a period in which ambulation or stereotypy occurred. Crossover mode: an animal is considered to be in the last confirmed zone until the animal's entire body crosses into a new zone.,,,,,,,,,,,,,,,,,,,,,,,,,,,,,,,,,,,,,,,,,,,,,,,,,,,,,,,,,,,,,,,,,,,,,,,,,,,,,,,,,,,,,,,,,,,,,,,,,,,,,,,,,,,,,,,,,,,,
Movement Episode Count (Query),The total number of locomotor episodes.  Episodes are separated by rest periods of at least 1 second. Query mode: the animal is considered to be within a zone if any part of the animal is within the zone.,,,,,,,,,,,,,,,,,,,,,,,,,,,,,,,,,,,,,,,,,,,,,,,,,,,,,,,,,,,,,,,,,,,,,,,,,,,,,,,,,,,,,,,,,,,,,,,,,,,,,,,,,,,,,,,,,,,,
Movement Episode Count (Centroid),The total number of locomotor episodes.  Episodes are separated by rest periods of at least 1 second. Centroid mode: the animal is considered to be within a zone if the center of the animal is within the zone.,,,,,,,,,,,,,,,,,,,,,,,,,,,,,,,,,,,,,,,,,,,,,,,,,,,,,,,,,,,,,,,,,,,,,,,,,,,,,,,,,,,,,,,,,,,,,,,,,,,,,,,,,,,,,,,,,,,,
Movement Episode Count (WholeBody),The total number of locomotor episodes.  Episodes are separated by rest periods of at least 1 second. Whole Body mode: the animal is only considered to be in the zone if every part of that animal is contained within the zone.,,,,,,,,,,,,,,,,,,,,,,,,,,,,,,,,,,,,,,,,,,,,,,,,,,,,,,,,,,,,,,,,,,,,,,,,,,,,,,,,,,,,,,,,,,,,,,,,,,,,,,,,,,,,,,,,,,,,
Movement Episode Count (Crossover),The total number of locomotor episodes.  Episodes are separated by rest periods of at least 1 second. Crossover mode: an animal is considered to be in the last confirmed zone until the animal's entire body crosses into a new zone.,,,,,,,,,,,,,,,,,,,,,,,,,,,,,,,,,,,,,,,,,,,,,,,,,,,,,,,,,,,,,,,,,,,,,,,,,,,,,,,,,,,,,,,,,,,,,,,,,,,,,,,,,,,,,,,,,,,,
Ambulatory Time (Query),The length of time that the subject spent in ambulatory activity. Ambulatory activity is defined as a period in which ambulation occurred. Query mode: the animal is considered to be within a zone if any part of the animal is within the zone.,,,,,,,,,,,,,,,,,,,,,,,,,,,,,,,,,,,,,,,,,,,,,,,,,,,,,,,,,,,,,,,,,,,,,,,,,,,,,,,,,,,,,,,,,,,,,,,,,,,,,,,,,,,,,,,,,,,,
Ambulatory Time (Centroid),The length of time that the subject spent in ambulatory activity. Ambulatory activity is defined as a period in which ambulation occurred. Centroid mode: the animal is considered to be within a zone if the center of the animal is within the zone.,,,,,,,,,,,,,,,,,,,,,,,,,,,,,,,,,,,,,,,,,,,,,,,,,,,,,,,,,,,,,,,,,,,,,,,,,,,,,,,,,,,,,,,,,,,,,,,,,,,,,,,,,,,,,,,,,,,,
Ambulatory Time (WholeBody),The length of time that the subject spent in ambulatory activity. Ambulatory activity is defined as a period in which ambulation occurred. Whole Body mode: the animal is only considered to be in the zone if every part of that animal is contained within the zone.,,,,,,,,,,,,,,,,,,,,,,,,,,,,,,,,,,,,,,,,,,,,,,,,,,,,,,,,,,,,,,,,,,,,,,,,,,,,,,,,,,,,,,,,,,,,,,,,,,,,,,,,,,,,,,,,,,,,
Ambulatory Time (Crossover),The length of time that the subject spent in ambulatory activity. Ambulatory activity is defined as a period in which ambulation occurred. Crossover mode: an animal is considered to be in the last confirmed zone until the animal's entire body crosses into a new zone.,,,,,,,,,,,,,,,,,,,,,,,,,,,,,,,,,,,,,,,,,,,,,,,,,,,,,,,,,,,,,,,,,,,,,,,,,,,,,,,,,,,,,,,,,,,,,,,,,,,,,,,,,,,,,,,,,,,,
Ambulatory Trajectory Average (Query),Cumulative average over the course of the sample based on the varying trajectories of an animal's ambulatory displacements. Query mode: the animal is considered to be within a zone if any part of the animal is within the zone.,,,,,,,,,,,,,,,,,,,,,,,,,,,,,,,,,,,,,,,,,,,,,,,,,,,,,,,,,,,,,,,,,,,,,,,,,,,,,,,,,,,,,,,,,,,,,,,,,,,,,,,,,,,,,,,,,,,,
Ambulatory Trajectory Average (Centroid),Cumulative average over the course of the sample based on the varying trajectories of an animal's ambulatory displacements. Centroid mode: the animal is considered to be within a zone if the center of the animal is within the zone.,,,,,,,,,,,,,,,,,,,,,,,,,,,,,,,,,,,,,,,,,,,,,,,,,,,,,,,,,,,,,,,,,,,,,,,,,,,,,,,,,,,,,,,,,,,,,,,,,,,,,,,,,,,,,,,,,,,,
Ambulatory Trajectory Average (WholeBody),Cumulative average over the course of the sample based on the varying trajectories of an animal's ambulatory displacements. Whole Body mode: the animal is only considered to be in the zone if every part of that animal is contained within the zone.,,,,,,,,,,,,,,,,,,,,,,,,,,,,,,,,,,,,,,,,,,,,,,,,,,,,,,,,,,,,,,,,,,,,,,,,,,,,,,,,,,,,,,,,,,,,,,,,,,,,,,,,,,,,,,,,,,,,
Ambulatory Trajectory Average (Crossover),Cumulative average over the course of the sample based on the varying trajectories of an animal's ambulatory displacements. Crossover mode: an animal is considered to be in the last confirmed zone until the animal's entire body crosses into a new zone.,,,,,,,,,,,,,,,,,,,,,,,,,,,,,,,,,,,,,,,,,,,,,,,,,,,,,,,,,,,,,,,,,,,,,,,,,,,,,,,,,,,,,,,,,,,,,,,,,,,,,,,,,,,,,,,,,,,,
Ambulatory Episode Count (Query),The total number of ambulatory episodes. Episodes are separated by rest periods of at least 1 second. Query mode: the animal is considered to be within a zone if any part of the animal is within the zone.,,,,,,,,,,,,,,,,,,,,,,,,,,,,,,,,,,,,,,,,,,,,,,,,,,,,,,,,,,,,,,,,,,,,,,,,,,,,,,,,,,,,,,,,,,,,,,,,,,,,,,,,,,,,,,,,,,,,
Ambulatory Episode Count (Centroid),The total number of ambulatory episodes. Episodes are separated by rest periods of at least 1 second. Centroid mode: the animal is considered to be within a zone if the center of the animal is within the zone.,,,,,,,,,,,,,,,,,,,,,,,,,,,,,,,,,,,,,,,,,,,,,,,,,,,,,,,,,,,,,,,,,,,,,,,,,,,,,,,,,,,,,,,,,,,,,,,,,,,,,,,,,,,,,,,,,,,,
Ambulatory Episode Count (WholeBody),The total number of ambulatory episodes. Episodes are separated by rest periods of at least 1 second. Whole Body mode: the animal is only considered to be in the zone if every part of that animal is contained within the zone.,,,,,,,,,,,,,,,,,,,,,,,,,,,,,,,,,,,,,,,,,,,,,,,,,,,,,,,,,,,,,,,,,,,,,,,,,,,,,,,,,,,,,,,,,,,,,,,,,,,,,,,,,,,,,,,,,,,,
Ambulatory Episode Count (Crossover),The total number of ambulatory episodes. Episodes are separated by rest periods of at least 1 second. Crossover mode: an animal is considered to be in the last confirmed zone until the animal's entire body crosses into a new zone.,,,,,,,,,,,,,,,,,,,,,,,,,,,,,,,,,,,,,,,,,,,,,,,,,,,,,,,,,,,,,,,,,,,,,,,,,,,,,,,,,,,,,,,,,,,,,,,,,,,,,,,,,,,,,,,,,,,,
Stereotypy Time (Query),The total amount of time that stereotypic behavior is exhibited. A break in stereotypy of 1 second or more is required to separate one stereotypic episode from the next.  If the animal breaks the same beam (or set of beams) repeatedly then the monitor considers that the animal is exhibiting stereotypy. This typically happens during grooming or head bobbing. Query mode: the animal is considered to be within a zone if any part of the animal is within the zone.,,,,,,,,,,,,,,,,,,,,,,,,,,,,,,,,,,,,,,,,,,,,,,,,,,,,,,,,,,,,,,,,,,,,,,,,,,,,,,,,,,,,,,,,,,,,,,,,,,,,,,,,,,,,,,,,,,,,
Stereotypy Time (Centroid),The total amount of time that stereotypic behavior is exhibited. A break in stereotypy of 1 second or more is required to separate one stereotypic episode from the next.  If the animal breaks the same beam (or set of beams) repeatedly then the monitor considers that the animal is exhibiting stereotypy. This typically happens during grooming or head bobbing. Centroid mode: the animal is considered to be within a zone if the center of the animal is within the zone.,,,,,,,,,,,,,,,,,,,,,,,,,,,,,,,,,,,,,,,,,,,,,,,,,,,,,,,,,,,,,,,,,,,,,,,,,,,,,,,,,,,,,,,,,,,,,,,,,,,,,,,,,,,,,,,,,,,,
Stereotypy Time (WholeBody),The total amount of time that stereotypic behavior is exhibited. A break in stereotypy of 1 second or more is required to separate one stereotypic episode from the next.  If the animal breaks the same beam (or set of beams) repeatedly then the monitor considers that the animal is exhibiting stereotypy. This typically happens during grooming or head bobbing. Whole Body mode: the animal is only considered to be in the zone if every part of that animal is contained within the zone.,,,,,,,,,,,,,,,,,,,,,,,,,,,,,,,,,,,,,,,,,,,,,,,,,,,,,,,,,,,,,,,,,,,,,,,,,,,,,,,,,,,,,,,,,,,,,,,,,,,,,,,,,,,,,,,,,,,,
Stereotypy Time (Crossover),The total amount of time that stereotypic behavior is exhibited. A break in stereotypy of 1 second or more is required to separate one stereotypic episode from the next.  If the animal breaks the same beam (or set of beams) repeatedly then the monitor considers that the animal is exhibiting stereotypy. This typically happens during grooming or head bobbing. Crossover mode: an animal is considered to be in the last confirmed zone until the animal's entire body crosses into a new zone.,,,,,,,,,,,,,,,,,,,,,,,,,,,,,,,,,,,,,,,,,,,,,,,,,,,,,,,,,,,,,,,,,,,,,,,,,,,,,,,,,,,,,,,,,,,,,,,,,,,,,,,,,,,,,,,,,,,,
Stereotypic Episode Count (Query),This corresponds to the number of times that stereotypic behavior was observed in the animal. A break in stereotypy of 1 second or more is required to separate one stereotypic episode from the next.  If the animal breaks the same beam (or set of beams) repeatedly then the monitor considers that the animal is exhibiting stereotypy. This typically happens during grooming or head bobbing. Query mode: the animal is considered to be within a zone if any part of the animal is within the zone.,,,,,,,,,,,,,,,,,,,,,,,,,,,,,,,,,,,,,,,,,,,,,,,,,,,,,,,,,,,,,,,,,,,,,,,,,,,,,,,,,,,,,,,,,,,,,,,,,,,,,,,,,,,,,,,,,,,,
Stereotypic Episode Count (Centroid),This corresponds to the number of times that stereotypic behavior was observed in the animal. A break in stereotypy of 1 second or more is required to separate one stereotypic episode from the next.  If the animal breaks the same beam (or set of beams) repeatedly then the monitor considers that the animal is exhibiting stereotypy. This typically happens during grooming or head bobbing. Centroid mode: the animal is considered to be within a zone if the center of the animal is within the zone.,,,,,,,,,,,,,,,,,,,,,,,,,,,,,,,,,,,,,,,,,,,,,,,,,,,,,,,,,,,,,,,,,,,,,,,,,,,,,,,,,,,,,,,,,,,,,,,,,,,,,,,,,,,,,,,,,,,,
Stereotypic Episode Count (WholeBody),This corresponds to the number of times that stereotypic behavior was observed in the animal. A break in stereotypy of 1 second or more is required to separate one stereotypic episode from the next.  If the animal breaks the same beam (or set of beams) repeatedly then the monitor considers that the animal is exhibiting stereotypy. This typically happens during grooming or head bobbing. Whole Body mode: the animal is only considered to be in the zone if every part of that animal is contained within the zone.,,,,,,,,,,,,,,,,,,,,,,,,,,,,,,,,,,,,,,,,,,,,,,,,,,,,,,,,,,,,,,,,,,,,,,,,,,,,,,,,,,,,,,,,,,,,,,,,,,,,,,,,,,,,,,,,,,,,
Stereotypic Episode Count (Crossover),This corresponds to the number of times that stereotypic behavior was observed in the animal. A break in stereotypy of 1 second or more is required to separate one stereotypic episode from the next.  If the animal breaks the same beam (or set of beams) repeatedly then the monitor considers that the animal is exhibiting stereotypy. This typically happens during grooming or head bobbing. Crossover mode: an animal is considered to be in the last confirmed zone until the animal's entire body crosses into a new zone.,,,,,,,,,,,,,,,,,,,,,,,,,,,,,,,,,,,,,,,,,,,,,,,,,,,,,,,,,,,,,,,,,,,,,,,,,,,,,,,,,,,,,,,,,,,,,,,,,,,,,,,,,,,,,,,,,,,,
Stereotypic Activity Count (Query),The number of beam breaks due to stereotypic activity. If the animal breaks the same beam (or set of beams) repeatedly then the monitor considers that the animal is exhibiting stereotypy. This typically happens during grooming or head bobbing. Query mode: the animal is considered to be within a zone if any part of the animal is within the zone.,,,,,,,,,,,,,,,,,,,,,,,,,,,,,,,,,,,,,,,,,,,,,,,,,,,,,,,,,,,,,,,,,,,,,,,,,,,,,,,,,,,,,,,,,,,,,,,,,,,,,,,,,,,,,,,,,,,,
Stereotypic Activity Count (Centroid),The number of beam breaks due to stereotypic activity. If the animal breaks the same beam (or set of beams) repeatedly then the monitor considers that the animal is exhibiting stereotypy. This typically happens during grooming or head bobbing. Centroid mode: the animal is considered to be within a zone if the center of the animal is within the zone.,,,,,,,,,,,,,,,,,,,,,,,,,,,,,,,,,,,,,,,,,,,,,,,,,,,,,,,,,,,,,,,,,,,,,,,,,,,,,,,,,,,,,,,,,,,,,,,,,,,,,,,,,,,,,,,,,,,,
Stereotypic Activity Count (WholeBody),The number of beam breaks due to stereotypic activity. If the animal breaks the same beam (or set of beams) repeatedly then the monitor considers that the animal is exhibiting stereotypy. This typically happens during grooming or head bobbing. Whole Body mode: the animal is only considered to be in the zone if every part of that animal is contained within the zone.,,,,,,,,,,,,,,,,,,,,,,,,,,,,,,,,,,,,,,,,,,,,,,,,,,,,,,,,,,,,,,,,,,,,,,,,,,,,,,,,,,,,,,,,,,,,,,,,,,,,,,,,,,,,,,,,,,,,
Stereotypic Activity Count (Crossover),The number of beam breaks due to stereotypic activity. If the animal breaks the same beam (or set of beams) repeatedly then the monitor considers that the animal is exhibiting stereotypy. This typically happens during grooming or head bobbing. Crossover mode: an animal is considered to be in the last confirmed zone until the animal's entire body crosses into a new zone.,,,,,,,,,,,,,,,,,,,,,,,,,,,,,,,,,,,,,,,,,,,,,,,,,,,,,,,,,,,,,,,,,,,,,,,,,,,,,,,,,,,,,,,,,,,,,,,,,,,,,,,,,,,,,,,,,,,,
Stereotypic Episode Activity Count (Query),Number of beam breaks that occur during a period of stereotypic activity. If the animal breaks the same beam (or set of beams) repeatedly then the monitor considers that the animal is exhibiting stereotypy. This typically happens during grooming or head bobbing. Query mode: the animal is considered to be within a zone if any part of the animal is within the zone.,,,,,,,,,,,,,,,,,,,,,,,,,,,,,,,,,,,,,,,,,,,,,,,,,,,,,,,,,,,,,,,,,,,,,,,,,,,,,,,,,,,,,,,,,,,,,,,,,,,,,,,,,,,,,,,,,,,,
Stereotypic Episode Activity Count (Centroid),Number of beam breaks that occur during a period of stereotypic activity. If the animal breaks the same beam (or set of beams) repeatedly then the monitor considers that the animal is exhibiting stereotypy. This typically happens during grooming or head bobbing. Centroid mode: the animal is considered to be within a zone if the center of the animal is within the zone.,,,,,,,,,,,,,,,,,,,,,,,,,,,,,,,,,,,,,,,,,,,,,,,,,,,,,,,,,,,,,,,,,,,,,,,,,,,,,,,,,,,,,,,,,,,,,,,,,,,,,,,,,,,,,,,,,,,,
Stereotypic Episode Activity Count (WholeBody),Number of beam breaks that occur during a period of stereotypic activity. If the animal breaks the same beam (or set of beams) repeatedly then the monitor considers that the animal is exhibiting stereotypy. This typically happens during grooming or head bobbing. Whole Body mode: the animal is only considered to be in the zone if every part of that animal is contained within the zone.,,,,,,,,,,,,,,,,,,,,,,,,,,,,,,,,,,,,,,,,,,,,,,,,,,,,,,,,,,,,,,,,,,,,,,,,,,,,,,,,,,,,,,,,,,,,,,,,,,,,,,,,,,,,,,,,,,,,
Stereotypic Episode Activity Count (Crossover),Number of beam breaks that occur during a period of stereotypic activity. If the animal breaks the same beam (or set of beams) repeatedly then the monitor considers that the animal is exhibiting stereotypy. This typically happens during grooming or head bobbing. Crossover mode: an animal is considered to be in the last confirmed zone until the animal's entire body crosses into a new zone.,,,,,,,,,,,,,,,,,,,,,,,,,,,,,,,,,,,,,,,,,,,,,,,,,,,,,,,,,,,,,,,,,,,,,,,,,,,,,,,,,,,,,,,,,,,,,,,,,,,,,,,,,,,,,,,,,,,,
Vertical Episode Count (Query),This is incremented by 1 each time the animal rears.  The animal must go below the level of the vertical sensor for at least 1 second before the next rearing can be registered. Query mode: the animal is considered to be within a zone if any part of the animal is within the zone.,,,,,,,,,,,,,,,,,,,,,,,,,,,,,,,,,,,,,,,,,,,,,,,,,,,,,,,,,,,,,,,,,,,,,,,,,,,,,,,,,,,,,,,,,,,,,,,,,,,,,,,,,,,,,,,,,,,,
Vertical Episode Count (Centroid),This is incremented by 1 each time the animal rears.  The animal must go below the level of the vertical sensor for at least 1 second before the next rearing can be registered. Centroid mode: the animal is considered to be within a zone if the center of the animal is within the zone.,,,,,,,,,,,,,,,,,,,,,,,,,,,,,,,,,,,,,,,,,,,,,,,,,,,,,,,,,,,,,,,,,,,,,,,,,,,,,,,,,,,,,,,,,,,,,,,,,,,,,,,,,,,,,,,,,,,,
Vertical Episode Count (WholeBody),This is incremented by 1 each time the animal rears.  The animal must go below the level of the vertical sensor for at least 1 second before the next rearing can be registered. Whole Body mode: the animal is only considered to be in the zone if every part of that animal is contained within the zone.,,,,,,,,,,,,,,,,,,,,,,,,,,,,,,,,,,,,,,,,,,,,,,,,,,,,,,,,,,,,,,,,,,,,,,,,,,,,,,,,,,,,,,,,,,,,,,,,,,,,,,,,,,,,,,,,,,,,
Vertical Episode Count (Crossover),This is incremented by 1 each time the animal rears.  The animal must go below the level of the vertical sensor for at least 1 second before the next rearing can be registered. Crossover mode: an animal is considered to be in the last confirmed zone until the animal's entire body crosses into a new zone.,,,,,,,,,,,,,,,,,,,,,,,,,,,,,,,,,,,,,,,,,,,,,,,,,,,,,,,,,,,,,,,,,,,,,,,,,,,,,,,,,,,,,,,,,,,,,,,,,,,,,,,,,,,,,,,,,,,,
Vertical Activity Count (Query),Cumulative vertical beam breaks. Query mode: the animal is considered to be within a zone if any part of the animal is within the zone.,,,,,,,,,,,,,,,,,,,,,,,,,,,,,,,,,,,,,,,,,,,,,,,,,,,,,,,,,,,,,,,,,,,,,,,,,,,,,,,,,,,,,,,,,,,,,,,,,,,,,,,,,,,,,,,,,,,,
Vertical Activity Count (Centroid),Cumulative vertical beam breaks. Centroid mode: the animal is considered to be within a zone if the center of the animal is within the zone.,,,,,,,,,,,,,,,,,,,,,,,,,,,,,,,,,,,,,,,,,,,,,,,,,,,,,,,,,,,,,,,,,,,,,,,,,,,,,,,,,,,,,,,,,,,,,,,,,,,,,,,,,,,,,,,,,,,,
Vertical Activity Count (WholeBody),Cumulative vertical beam breaks. Whole Body mode: the animal is only considered to be in the zone if every part of that animal is contained within the zone.,,,,,,,,,,,,,,,,,,,,,,,,,,,,,,,,,,,,,,,,,,,,,,,,,,,,,,,,,,,,,,,,,,,,,,,,,,,,,,,,,,,,,,,,,,,,,,,,,,,,,,,,,,,,,,,,,,,,
Vertical Activity Count (Crossover),Cumulative vertical beam breaks. Crossover mode: an animal is considered to be in the last confirmed zone until the animal's entire body crosses into a new zone.,,,,,,,,,,,,,,,,,,,,,,,,,,,,,,,,,,,,,,,,,,,,,,,,,,,,,,,,,,,,,,,,,,,,,,,,,,,,,,,,,,,,,,,,,,,,,,,,,,,,,,,,,,,,,,,,,,,,
Vertical Time (Query),Time accumulated by the animal when breaking beams in the vertical layer.  Query mode: the animal is considered to be within a zone if any part of the animal is within the zone.,,,,,,,,,,,,,,,,,,,,,,,,,,,,,,,,,,,,,,,,,,,,,,,,,,,,,,,,,,,,,,,,,,,,,,,,,,,,,,,,,,,,,,,,,,,,,,,,,,,,,,,,,,,,,,,,,,,,
Vertical Time (Centroid),Time accumulated by the animal when breaking beams in the vertical layer.  Centroid mode: the animal is considered to be within a zone if the center of the animal is within the zone.,,,,,,,,,,,,,,,,,,,,,,,,,,,,,,,,,,,,,,,,,,,,,,,,,,,,,,,,,,,,,,,,,,,,,,,,,,,,,,,,,,,,,,,,,,,,,,,,,,,,,,,,,,,,,,,,,,,,
Vertical Time (WholeBody),Time accumulated by the animal when breaking beams in the vertical layer.  Whole Body mode: the animal is only considered to be in the zone if every part of that animal is contained within the zone.,,,,,,,,,,,,,,,,,,,,,,,,,,,,,,,,,,,,,,,,,,,,,,,,,,,,,,,,,,,,,,,,,,,,,,,,,,,,,,,,,,,,,,,,,,,,,,,,,,,,,,,,,,,,,,,,,,,,
Vertical Time (Crossover),Time accumulated by the animal when breaking beams in the vertical layer.  Crossover mode: an animal is considered to be in the last confirmed zone until the animal's entire body crosses into a new zone.,,,,,,,,,,,,,,,,,,,,,,,,,,,,,,,,,,,,,,,,,,,,,,,,,,,,,,,,,,,,,,,,,,,,,,,,,,,,,,,,,,,,,,,,,,,,,,,,,,,,,,,,,,,,,,,,,,,,
Clockwise Revolutions (Query),Counts the number of clockwise revolutions that the subject travels in an open field. Query mode: the animal is considered to be within a zone if any part of the animal is within the zone.,,,,,,,,,,,,,,,,,,,,,,,,,,,,,,,,,,,,,,,,,,,,,,,,,,,,,,,,,,,,,,,,,,,,,,,,,,,,,,,,,,,,,,,,,,,,,,,,,,,,,,,,,,,,,,,,,,,,
Clockwise Revolutions (Centroid),Counts the number of clockwise revolutions that the subject travels in an open field. Centroid mode: the animal is considered to be within a zone if the center of the animal is within the zone.,,,,,,,,,,,,,,,,,,,,,,,,,,,,,,,,,,,,,,,,,,,,,,,,,,,,,,,,,,,,,,,,,,,,,,,,,,,,,,,,,,,,,,,,,,,,,,,,,,,,,,,,,,,,,,,,,,,,
Clockwise Revolutions (WholeBody),Counts the number of clockwise revolutions that the subject travels in an open field. Whole Body mode: the animal is only considered to be in the zone if every part of that animal is contained within the zone.,,,,,,,,,,,,,,,,,,,,,,,,,,,,,,,,,,,,,,,,,,,,,,,,,,,,,,,,,,,,,,,,,,,,,,,,,,,,,,,,,,,,,,,,,,,,,,,,,,,,,,,,,,,,,,,,,,,,
Clockwise Revolutions (Crossover),Counts the number of clockwise revolutions that the subject travels in an open field. Crossover mode: an animal is considered to be in the last confirmed zone until the animal's entire body crosses into a new zone.,,,,,,,,,,,,,,,,,,,,,,,,,,,,,,,,,,,,,,,,,,,,,,,,,,,,,,,,,,,,,,,,,,,,,,,,,,,,,,,,,,,,,,,,,,,,,,,,,,,,,,,,,,,,,,,,,,,,
Counter-Clockwise Revolutions (Query),Counts the number of counter-clockwise revolutions that the subject travels in an open field. Query mode: the animal is considered to be within a zone if any part of the animal is within the zone.,,,,,,,,,,,,,,,,,,,,,,,,,,,,,,,,,,,,,,,,,,,,,,,,,,,,,,,,,,,,,,,,,,,,,,,,,,,,,,,,,,,,,,,,,,,,,,,,,,,,,,,,,,,,,,,,,,,,
Counter-Clockwise Revolutions (Centroid),Counts the number of counter-clockwise revolutions that the subject travels in an open field. Centroid mode: the animal is considered to be within a zone if the center of the animal is within the zone.,,,,,,,,,,,,,,,,,,,,,,,,,,,,,,,,,,,,,,,,,,,,,,,,,,,,,,,,,,,,,,,,,,,,,,,,,,,,,,,,,,,,,,,,,,,,,,,,,,,,,,,,,,,,,,,,,,,,
Counter-Clockwise Revolutions (WholeBody),Counts the number of counter-clockwise revolutions that the subject travels in an open field. Whole Body mode: the animal is only considered to be in the zone if every part of that animal is contained within the zone.,,,,,,,,,,,,,,,,,,,,,,,,,,,,,,,,,,,,,,,,,,,,,,,,,,,,,,,,,,,,,,,,,,,,,,,,,,,,,,,,,,,,,,,,,,,,,,,,,,,,,,,,,,,,,,,,,,,,
Counter-Clockwise Revolutions (Crossover),Counts the number of counter-clockwise revolutions that the subject travels in an open field. Crossover mode: an animal is considered to be in the last confirmed zone until the animal's entire body crosses into a new zone.,,,,,,,,,,,,,,,,,,,,,,,,,,,,,,,,,,,,,,,,,,,,,,,,,,,,,,,,,,,,,,,,,,,,,,,,,,,,,,,,,,,,,,,,,,,,,,,,,,,,,,,,,,,,,,,,,,,,
Ambulatory Episode Average Velocity (Query),The mean of the average velocities for each ambulatory episode. Query mode: the animal is considered to be within a zone if any part of the animal is within the zone.,,,,,,,,,,,,,,,,,,,,,,,,,,,,,,,,,,,,,,,,,,,,,,,,,,,,,,,,,,,,,,,,,,,,,,,,,,,,,,,,,,,,,,,,,,,,,,,,,,,,,,,,,,,,,,,,,,,,
Ambulatory Episode Average Velocity (Centroid),The mean of the average velocities for each ambulatory episode. Centroid mode: the animal is considered to be within a zone if the center of the animal is within the zone.,,,,,,,,,,,,,,,,,,,,,,,,,,,,,,,,,,,,,,,,,,,,,,,,,,,,,,,,,,,,,,,,,,,,,,,,,,,,,,,,,,,,,,,,,,,,,,,,,,,,,,,,,,,,,,,,,,,,
Ambulatory Episode Average Velocity (WholeBody),The mean of the average velocities for each ambulatory episode. Whole Body mode: the animal is only considered to be in the zone if every part of that animal is contained within the zone.,,,,,,,,,,,,,,,,,,,,,,,,,,,,,,,,,,,,,,,,,,,,,,,,,,,,,,,,,,,,,,,,,,,,,,,,,,,,,,,,,,,,,,,,,,,,,,,,,,,,,,,,,,,,,,,,,,,,
Ambulatory Episode Average Velocity (Crossover),The mean of the average velocities for each ambulatory episode. Crossover mode: an animal is considered to be in the last confirmed zone until the animal's entire body crosses into a new zone.,,,,,,,,,,,,,,,,,,,,,,,,,,,,,,,,,,,,,,,,,,,,,,,,,,,,,,,,,,,,,,,,,,,,,,,,,,,,,,,,,,,,,,,,,,,,,,,,,,,,,,,,,,,,,,,,,,,,
Ambulatory Episode Peak Average Velocity (Query),The highest value of the mean velocities for each ambulatory episode. Query mode: the animal is considered to be within a zone if any part of the animal is within the zone.,,,,,,,,,,,,,,,,,,,,,,,,,,,,,,,,,,,,,,,,,,,,,,,,,,,,,,,,,,,,,,,,,,,,,,,,,,,,,,,,,,,,,,,,,,,,,,,,,,,,,,,,,,,,,,,,,,,,
Ambulatory Episode Peak Average Velocity (Centroid),The highest value of the mean velocities for each ambulatory episode. Centroid mode: the animal is considered to be within a zone if the center of the animal is within the zone.,,,,,,,,,,,,,,,,,,,,,,,,,,,,,,,,,,,,,,,,,,,,,,,,,,,,,,,,,,,,,,,,,,,,,,,,,,,,,,,,,,,,,,,,,,,,,,,,,,,,,,,,,,,,,,,,,,,,
Ambulatory Episode Peak Average Velocity (WholeBody),The highest value of the mean velocities for each ambulatory episode. Whole Body mode: the animal is only considered to be in the zone if every part of that animal is contained within the zone.,,,,,,,,,,,,,,,,,,,,,,,,,,,,,,,,,,,,,,,,,,,,,,,,,,,,,,,,,,,,,,,,,,,,,,,,,,,,,,,,,,,,,,,,,,,,,,,,,,,,,,,,,,,,,,,,,,,,
Ambulatory Episode Peak Average Velocity (Crossover),The highest value of the mean velocities for each ambulatory episode. Crossover mode: an animal is considered to be in the last confirmed zone until the animal's entire body crosses into a new zone.,,,,,,,,,,,,,,,,,,,,,,,,,,,,,,,,,,,,,,,,,,,,,,,,,,,,,,,,,,,,,,,,,,,,,,,,,,,,,,,,,,,,,,,,,,,,,,,,,,,,,,,,,,,,,,,,,,,,
Ambulatory Episode Median Velocity (Query),The median of velocities for each ambulatory episode. Query mode: the animal is considered to be within a zone if any part of the animal is within the zone.,,,,,,,,,,,,,,,,,,,,,,,,,,,,,,,,,,,,,,,,,,,,,,,,,,,,,,,,,,,,,,,,,,,,,,,,,,,,,,,,,,,,,,,,,,,,,,,,,,,,,,,,,,,,,,,,,,,,
Ambulatory Episode Median Velocity (Centroid),The median of velocities for each ambulatory episode. Centroid mode: the animal is considered to be within a zone if the center of the animal is within the zone.,,,,,,,,,,,,,,,,,,,,,,,,,,,,,,,,,,,,,,,,,,,,,,,,,,,,,,,,,,,,,,,,,,,,,,,,,,,,,,,,,,,,,,,,,,,,,,,,,,,,,,,,,,,,,,,,,,,,
Ambulatory Episode Median Velocity (WholeBody),The median of velocities for each ambulatory episode. Whole Body mode: the animal is only considered to be in the zone if every part of that animal is contained within the zone.,,,,,,,,,,,,,,,,,,,,,,,,,,,,,,,,,,,,,,,,,,,,,,,,,,,,,,,,,,,,,,,,,,,,,,,,,,,,,,,,,,,,,,,,,,,,,,,,,,,,,,,,,,,,,,,,,,,,
Ambulatory Episode Median Velocity (Crossover),The median of velocities for each ambulatory episode. Crossover mode: an animal is considered to be in the last confirmed zone until the animal's entire body crosses into a new zone.,,,,,,,,,,,,,,,,,,,,,,,,,,,,,,,,,,,,,,,,,,,,,,,,,,,,,,,,,,,,,,,,,,,,,,,,,,,,,,,,,,,,,,,,,,,,,,,,,,,,,,,,,,,,,,,,,,,,
,,,,,,,,,,,,,,,,,,,,,,,,,,,,,,,,,,,,,,,,,,,,,,,,,,,,,,,,,,,,,,,,,,,,,,,,,,,,,,,,,,,,,,,,,,,,,,,,,,,,,,,,,,,,,,,,,,,,,
EXPERIMENT NAME,CREATION DATE/TIME,USER NAME,COMMENT,DESCRIPTION,PHASE COUNT,BATCH COUNT,TOTAL RECORDINGS COUNT,ORDER BY BATCH,SUBJECT AGE UNIT,FIRST POKE AUTO START (Hole Poke),POST-CHECK,PRE-CHECK,INSERTION AUTO START,ENABLE SCHEDULED ECC EVENTS,SCHEDULE START OPTION,START SCHEDULE WITH LIGHTS ON,LIGHT INTENSITY,,,,,,,,,,,,,,,,,,,,,,,,,,,,,,,,,,,,,,,,,,,,,,,,,,,,,,,,,,,,,,,,,,,,,,,,,,,,,,,,,,,,,,,,,,,,,,,,,,,,
OF072522,7/25/2022 8:18,Jade Kaplan,,,1,3,3,Yes,Months,No,No,No,No,No,Use Experiment Start Time,Yes,50,,,,,,,,,,,,,,,,,,,,,,,,,,,,,,,,,,,,,,,,,,,,,,,,,,,,,,,,,,,,,,,,,,,,,,,,,,,,,,,,,,,,,,,,,,,,,,,,,,,,
,,,,,,,,,,,,,,,,,,,,,,,,,,,,,,,,,,,,,,,,,,,,,,,,,,,,,,,,,,,,,,,,,,,,,,,,,,,,,,,,,,,,,,,,,,,,,,,,,,,,,,,,,,,,,,,,,,,,,
EXPORT PRECISION,DISTANCE UNIT,SPEED UNIT,TIME UNIT,WEIGHT UNIT,SAMPLE DURATION (s),REST THRESHOLD (s),,,,,,,,,,,,,,,,,,,,,,,,,,,,,,,,,,,,,,,,,,,,,,,,,,,,,,,,,,,,,,,,,,,,,,,,,,,,,,,,,,,,,,,,,,,,,,,,,,,,,,,,,,,,,,,
2,Centimeter,CentimetersPerSecond,Second,Gram,300,1,,,,,,,,,,,,,,,,,,,,,,,,,,,,,,,,,,,,,,,,,,,,,,,,,,,,,,,,,,,,,,,,,,,,,,,,,,,,,,,,,,,,,,,,,,,,,,,,,,,,,,,,,,,,,,,
,,,,,,,,,,,,,,,,,,,,,,,,,,,,,,,,,,,,,,,,,,,,,,,,,,,,,,,,,,,,,,,,,,,,,,,,,,,,,,,,,,,,,,,,,,,,,,,,,,,,,,,,,,,,,,,,,,,,,
EXPERIMENT,CAGE,SUBJECT ID,BATCH,PHASE,SAMPLE,START TIME,DURATION (s),ZONE MAP,ZONE,DURATION (QUERY),DURATION (CENTROID),DURATION (WHOLEBODY),DURATION (CROSSOVER),ENTRY COUNT (QUERY),ENTRY COUNT (CENTROID),ENTRY COUNT (WHOLEBODY),ENTRY COUNT (CROSSOVER),LATENCY (QUERY),LATENCY (CENTROID),LATENCY (WHOLEBODY),LATENCY (CROSSOVER),TOTAL DISTANCE (QUERY),TOTAL DISTANCE (CENTROID),TOTAL DISTANCE (WHOLEBODY),TOTAL DISTANCE (CROSSOVER),TOTAL DISTANCE X-AXIS (QUERY),TOTAL DISTANCE X-AXIS (CENTROID),TOTAL DISTANCE X-AXIS (WHOLEBODY),TOTAL DISTANCE X-AXIS (CROSSOVER),TOTAL DISTANCE Y-AXIS (QUERY),TOTAL DISTANCE Y-AXIS (CENTROID),TOTAL DISTANCE Y-AXIS (WHOLEBODY),TOTAL DISTANCE Y-AXIS (CROSSOVER),HORIZONTAL ACTIVITY COUNT (QUERY),HORIZONTAL ACTIVITY COUNT (CENTROID),HORIZONTAL ACTIVITY COUNT (WHOLEBODY),HORIZONTAL ACTIVITY COUNT (CROSSOVER),AMBULATORY ACTIVITY COUNT (QUERY),AMBULATORY ACTIVITY COUNT (CENTROID),AMBULATORY ACTIVITY COUNT (WHOLEBODY),AMBULATORY ACTIVITY COUNT (CROSSOVER),REST TIME (QUERY),REST TIME (CENTROID),REST TIME (WHOLEBODY),REST TIME (CROSSOVER),REST EPISODE COUNT (QUERY),REST EPISODE COUNT (CENTROID),REST EPISODE COUNT (WHOLEBODY),REST EPISODE COUNT (CROSSOVER),MOVEMENT TIME (QUERY),MOVEMENT TIME (CENTROID),MOVEMENT TIME (WHOLEBODY),MOVEMENT TIME (CROSSOVER),MOVEMENT EPISODE COUNT (QUERY),MOVEMENT EPISODE COUNT (CENTROID),MOVEMENT EPISODE COUNT (WHOLEBODY),MOVEMENT EPISODE COUNT (CROSSOVER),AMBULATORY TIME (QUERY),AMBULATORY TIME (CENTROID),AMBULATORY TIME (WHOLEBODY),AMBULATORY TIME (CROSSOVER),AMBULATORY TRAJECTORY AVERAGE (QUERY),AMBULATORY TRAJECTORY AVERAGE (CENTROID),AMBULATORY TRAJECTORY AVERAGE (WHOLEBODY),AMBULATORY TRAJECTORY AVERAGE (CROSSOVER),AMBULATORY EPISODE COUNT (QUERY),AMBULATORY EPISODE COUNT (CENTROID),AMBULATORY EPISODE COUNT (WHOLEBODY),AMBULATORY EPISODE COUNT (CROSSOVER),STEREOTYPY TIME (QUERY),STEREOTYPY TIME (CENTROID),STEREOTYPY TIME (WHOLEBODY),STEREOTYPY TIME (CROSSOVER),STEREOTYPIC EPISODE COUNT (QUERY),STEREOTYPIC EPISODE COUNT (CENTROID),STEREOTYPIC EPISODE COUNT (WHOLEBODY),STEREOTYPIC EPISODE COUNT (CROSSOVER),STEREOTYPIC ACTIVITY COUNT (QUERY),STEREOTYPIC ACTIVITY COUNT (CENTROID),STEREOTYPIC ACTIVITY COUNT (WHOLEBODY),STEREOTYPIC ACTIVITY COUNT (CROSSOVER),STEREOTYPIC EPISODE ACTIVITY COUNT (QUERY),STEREOTYPIC EPISODE ACTIVITY COUNT (CENTROID),STEREOTYPIC EPISODE ACTIVITY COUNT (WHOLEBODY),STEREOTYPIC EPISODE ACTIVITY COUNT (CROSSOVER),VERTICAL EPISODE COUNT (QUERY),VERTICAL EPISODE COUNT (CENTROID),VERTICAL EPISODE COUNT (WHOLEBODY),VERTICAL EPISODE COUNT (CROSSOVER),VERTICAL ACTIVITY COUNT (QUERY),VERTICAL ACTIVITY COUNT (CENTROID),VERTICAL ACTIVITY COUNT (WHOLEBODY),VERTICAL ACTIVITY COUNT (CROSSOVER),VERTICAL TIME (QUERY),VERTICAL TIME (CENTROID),VERTICAL TIME (WHOLEBODY),VERTICAL TIME (CROSSOVER),CLOCKWISE REVOLUTIONS (QUERY),CLOCKWISE REVOLUTIONS (CENTROID),CLOCKWISE REVOLUTIONS (WHOLEBODY),CLOCKWISE REVOLUTIONS (CROSSOVER),COUNTER-CLOCKWISE REVOLUTIONS (QUERY),COUNTER-CLOCKWISE REVOLUTIONS (CENTROID),COUNTER-CLOCKWISE REVOLUTIONS (WHOLEBODY),COUNTER-CLOCKWISE REVOLUTIONS (CROSSOVER),AMBULATORY EPISODE AVERAGE VELOCITY (QUERY),AMBULATORY EPISODE AVERAGE VELOCITY (CENTROID),AMBULATORY EPISODE AVERAGE VELOCITY (WHOLEBODY),AMBULATORY EPISODE AVERAGE VELOCITY (CROSSOVER),AMBULATORY EPISODE PEAK AVERAGE VELOCITY (QUERY),AMBULATORY EPISODE PEAK AVERAGE VELOCITY (CENTROID),AMBULATORY EPISODE PEAK AVERAGE VELOCITY (WHOLEBODY),AMBULATORY EPISODE PEAK AVERAGE VELOCITY (CROSSOVER),AMBULATORY EPISODE MEDIAN VELOCITY (QUERY),AMBULATORY EPISODE MEDIAN VELOCITY (CENTROID),AMBULATORY EPISODE MEDIAN VELOCITY (WHOLEBODY),AMBULATORY EPISODE MEDIAN VELOCITY (CROSSOVER)
OF072522,Cage 1,3526597,Batch 1,Phase 1,1,9:03:04 AM,300,Open Field Zones.szm,Periphery,164.61,140.52,116.71,141.02,79,86,77,43,6.48,6.48,7.09,7.09,559.57,472.19,346.84,453.75,138.75,129.54,110.49,124.78,159.7,149.23,107.32,134.94,798,686,538,680,779,671,528,661,38.7,33.03,29.64,34.28,25,20,18,22,125.91,107.49,87.07,106.74,102,103,92,65,23.5,21.68,17.83,14.11,33.69,32.19,40.48,42.01,0,0,1,2,3.16,2.47,1.58,3.16,10,8,5,10,19,15,10,19,295,247,165,259,14,14,14,14,21,21,21,21,7.87,7.87,7.87,7.87,3,2,2,3,0,0,0,0,10.49,10.47,10.61,10.28,22.63,22.91,23.81,23.42,16.28,15.49,15.36,15.15
OF072522,Cage 1,3526597,Batch 1,Phase 1,1,9:03:04 AM,300,Open Field Zones.szm,Corner,93.66,81.73,69.28,83.58,41,40,40,23,11.03,11.03,11.03,11.03,177.35,107.89,60.86,105.32,23.18,14.29,7.62,10.16,40.64,15.56,7.62,18.42,393,315,234,308,371,295,218,286,21.71,18.31,17.28,21.71,14,12,11,14,71.95,63.42,52,61.87,55,52,50,37,10.81,10.72,13.06,7.62,85.76,,,,1,0,0,0,2.86,2.61,2.22,2.86,8,7,6,8,22,20,16,22,124,103,81,121,11,11,11,11,24,24,24,24,7.19,7.19,7.19,7.19,1,0,0,0,0,0,0,0,7.46,6.66,5.96,6.31,12.5,12.17,14.12,11.67,11.54,8.66,10.46,9.18
OF072522,Cage 1,3526597,Batch 1,Phase 1,1,9:03:04 AM,300,Open Field Zones.szm,Center,91.23,77.75,66.11,75.22,45,45,38,23,0,0,0,0,368.2,303.8,263.45,320.74,100.33,90.17,87.63,96.2,76.2,57.47,54.93,68.9,494,417,362,435,474,399,345,416,18.66,18.66,14.02,14.02,12,12,8,8,72.57,59.09,52.09,61.2,56,56,47,32,15.08,12.27,12.92,11.8,29.51,20.39,29.33,26.35,3,3,3,3,3.57,3.47,3.47,3.57,9,8,7,8,20,18,17,19,167,139,121,152,9,9,9,9,13,13,13,13,2.17,2.17,2.17,2.17,0,0,1,0,1,1,1,1,12.17,12.97,12.78,12.41,22.65,24.75,25.01,22.88,17.34,17.69,20.63,17.86
OF072522,Cage 1,3526597,Batch 1,Phase 1,2,9:08:04 AM,300,Open Field Zones.szm,Periphery,146.64,133.39,105.28,122.95,65,72,57,41,6.48,6.48,7.09,7.09,559.18,479.32,372.14,476.55,140.02,127.95,94.62,125.73,188.91,173.99,150.5,177.17,673,587,448,567,661,575,439,557,27,27,22.75,22.75,20,20,17,17,119.64,106.39,82.53,100.2,86,91,74,59,21.21,20.01,15.98,17.37,33.8,30.14,38.51,37.31,1,0,2,2,1.95,1.89,0.8,1.45,7,7,5,6,12,12,9,10,159,123,76,139,16,16,16,16,26,26,26,26,3.84,3.84,3.84,3.84,3,3,3,3,1,1,1,1,11.2,10.8,10.93,11.06,27.53,28.01,27.13,27.13,18.27,17.73,18.46,16.16
OF072522,Cage 1,3526597,Batch 1,Phase 1,2,9:08:04 AM,300,Open Field Zones.szm,Corner,113.34,98.02,88.83,102.75,34,44,38,26,11.03,11.03,11.03,11.03,188.92,118.92,69.5,111.95,48.58,30.8,20,23.18,39.05,19.69,9.53,14.61,375,288,215,292,361,274,205,278,38.27,36.28,36.28,38.27,22,21,21,22,75.08,61.74,52.55,64.49,56,63,56,48,11.55,8.47,8.39,6.05,90,,,,0,0,0,0,2.27,2.2,1.5,2.27,7,7,5,7,14,14,10,14,61,49,37,58,16,16,16,16,20,20,20,20,7.44,7.44,7.44,7.44,0,0,0,0,0,0,0,0,7.04,5.22,4.48,5.41,15.9,10.1,9.33,15.9,8.03,6.64,7.78,7.16
OF072522,Cage 1,3526597,Batch 1,Phase 1,2,9:08:04 AM,300,Open Field Zones.szm,Center,82.44,68.6,64.53,73.91,36,29,28,20,0,0,0,0,292,243.26,212.81,249.41,75.88,60.33,59.06,68.9,37.15,33.02,28.26,33.66,445,375,324,387,431,364,313,374,14.28,12.02,12.02,14.28,11,9,9,11,68.16,56.58,52.52,59.63,46,38,37,30,9.01,8.62,9.46,8.35,42.51,41.91,50.05,59.74,3,3,1,1,2.92,1.77,1.77,2.27,7,5,5,6,14,11,11,13,140,91,89,108,5,5,5,5,7,7,7,7,0.42,0.42,0.42,0.42,0,0,0,0,2,0,0,1,12.3,13.07,13.62,12.18,23.12,24.38,26.46,24.72,14.65,16.26,15.77,20.52
OF072522,Cage 1,3526597,Batch 1,Phase 1,3,9:13:04 AM,300,Open Field Zones.szm,Periphery,126.17,108.27,91.11,106.31,58,67,59,36,6.48,6.48,7.09,7.09,523.89,445,330.79,410.8,134.3,118.43,88.58,114.62,155.26,146.37,126.37,136.84,628,533,403,509,605,513,386,484,22.81,20.72,19.48,20.58,15,13,12,13,103.36,87.55,71.62,85.73,72,80,71,49,18.06,16.15,16.22,12.85,52.9,47.42,40.61,55.09,0,0,0,1,5.42,4.78,3.38,5.48,10,9,8,11,23,20,17,25,123,93,61,98,11,11,11,11,17,17,17,17,3.67,3.67,3.67,3.67,0,0,0,0,1,1,2,2,11.19,11.54,11.15,10.89,22.97,29.93,27.6,23.14,15.68,18.45,15.31,16.38
OF072522,Cage 1,3526597,Batch 1,Phase 1,3,9:13:04 AM,300,Open Field Zones.szm,Corner,87.42,79.61,71.48,79.83,29,34,28,21,11.03,11.03,11.03,11.03,160.44,89.66,55.8,105.06,47.63,22.86,13.34,20.96,26.67,12.7,10.16,16.51,348,265,210,272,324,245,190,248,20.39,20.39,19.3,19.3,13,13,12,12,67.03,59.22,52.19,60.54,43,48,41,34,9.82,11.75,6.9,5.44,117.97,,,,0,0,0,0,4.16,4.05,4.05,4.16,12,10,10,12,24,20,20,24,77,54,48,71,9,9,9,9,18,18,18,18,4.66,4.66,4.66,4.66,0,0,0,0,1,0,0,0,8.33,6.21,5.15,6.33,21.69,20.75,12.26,20.77,9.02,8.26,5.14,7.22
OF072522,Cage 1,3526597,Batch 1,Phase 1,3,9:13:04 AM,300,Open Field Zones.szm,Center,122.5,112.12,102.34,113.14,45,34,30,22,0,0,0,0,521.63,467.48,422.46,476.67,112.4,106.05,99.7,108.59,113.35,106.05,99.7,110.49,627,555,495,566,608,537,479,549,24.11,22.88,21.88,24.11,16,15,14,16,98.39,89.25,80.47,89.03,61,48,43,38,19.22,16.16,14.82,16.35,39.42,38.49,28.15,39.21,4,2,2,3,2.14,2.11,1.2,1.23,9,8,7,8,19,18,16,17,185,165,147,176,10,10,10,10,15,15,15,15,1.81,1.81,1.81,1.81,0,0,0,0,3,3,2,3,13.27,13.3,13.03,13.46,28.16,30.55,33.25,33.1,14.06,16.11,18.22,14.19
OF072522,Cage 1,3526597,Batch 1,Phase 1,4,9:18:04 AM,300,Open Field Zones.szm,Periphery,132.91,114.35,94.81,111.28,60,70,57,38,6.48,6.48,7.09,7.09,499.59,413.46,310.87,404.71,162.56,141.29,116.21,147.64,117.79,103.19,86.68,100.65,592,503,397,507,574,489,384,492,34.19,31.73,29.81,29.81,21,19,18,18,98.72,82.61,65,81.47,79,88,72,55,19.24,20.56,14.36,12.32,81.63,66.24,42.58,82.31,0,0,0,0,2.55,2.16,1.98,2.31,9,7,7,8,18,14,13,15,158,107,87,141,17,17,17,17,28,28,28,28,5.97,5.97,5.97,5.97,1,1,2,1,0,1,1,1,11.19,11.97,12.05,11.46,24.38,24.72,26.76,26.76,17.17,16.57,17.85,15.89
OF072522,Cage 1,3526597,Batch 1,Phase 1,4,9:18:04 AM,300,Open Field Zones.szm,Corner,82.95,72.49,64.09,73.59,28,31,29,22,11.03,11.03,11.03,11.03,148.15,90.1,51.8,86.73,40.01,24.45,11.43,18.1,25.08,16.19,8.26,13.34,293,215,155,221,280,206,148,209,27.02,25.61,25.61,25.61,18,17,17,17,55.94,46.88,38.48,47.98,45,46,42,39,7.15,8.83,7.7,5.98,148.76,,,,2,1,1,1,1.62,1.3,0.94,1.59,6,5,4,5,13,9,7,12,50,33,20,38,12,12,12,12,19,19,19,19,4.47,4.47,4.47,4.47,0,0,0,0,0,0,0,0,7.58,5.41,4.17,5.72,34.95,10.21,10.21,15.43,9.59,6.89,3.76,8.95
OF072522,Cage 1,3526597,Batch 1,Phase 1,4,9:18:04 AM,300,Open Field Zones.szm,Center,124.48,113.17,103,113.8,39,39,31,21,0,0,0,0,432.97,382.2,334.36,384.6,85.41,75.88,67.63,75.88,102.87,95.25,88.58,100.65,598,538,477,535,579,518,457,516,28,26.08,23.63,28,19,18,16,19,96.48,87.09,79.37,85.8,59,58,46,41,12.02,11.67,10.44,9.79,42.41,49.12,46.15,40.6,0,0,0,0,2.91,3.58,3.58,2.91,10,10,10,10,19,20,20,19,186,172,150,171,10,10,10,10,15,15,15,15,1.53,1.53,1.53,1.53,2,1,1,1,1,2,2,1,12.56,12.41,13.57,12.8,28,28.64,30.49,28.72,17.63,15.81,16.82,16.82
OF072522,Cage 2,3526302,Batch 1,Phase 1,1,9:03:42 AM,300,Open Field Zones.szm,Periphery,117.02,101.52,89.91,102.15,93,84,88,55,0,0,0,0,583.78,505.4,436.69,507.83,206.06,189.55,176.85,192.41,170.5,148.59,132.72,160.02,903,797,657,775,883,782,645,757,11.88,11.88,11.88,11.88,6,6,6,6,104.79,89.29,77.67,89.92,99,90,94,61,19.41,15.22,14.55,12.77,33.96,25.12,19.6,19.5,0,0,0,0,2.41,1.52,1.41,2.36,8,7,6,7,20,15,12,18,280,224,164,245,14,14,14,14,16,16,16,16,2.56,2.56,2.56,2.56,4,3,3,4,1,1,0,1,13.51,13.95,13.3,13.54,36.62,30.95,30.95,30.95,20.19,19.06,16.28,18.57
OF072522,Cage 2,3526302,Batch 1,Phase 1,1,9:03:42 AM,300,Open Field Zones.szm,Corner,92.34,83.46,71.84,82.44,61,51,51,36,58.66,58.97,58.97,58.97,214.03,163.88,115.53,152.99,40.96,32.07,21.59,26.67,60.01,48.26,28.89,33.97,526,444,354,434,500,418,335,410,16.61,16.61,16.61,16.61,11,11,11,11,75.74,66.86,55.23,65.83,72,60,60,47,11.89,10.99,8.75,7.2,67.41,84.61,,119.77,0,0,0,0,3.69,4.14,3.28,3.58,11,11,9,10,26,26,19,24,152,139,84,138,9,9,9,9,15,15,15,15,6.72,6.72,6.72,6.72,0,0,0,0,0,0,0,0,9.52,8.47,7.96,8.53,22.77,16.15,17.86,25.03,10.78,10.77,9.61,9.71
OF072522,Cage 2,3526302,Batch 1,Phase 1,1,9:03:42 AM,300,Open Field Zones.szm,Center,118.41,115.02,111.14,115.03,35,33,42,22,0.36,0.36,0.36,0.36,423.02,397.85,367.83,401.51,105.2,101.39,95.36,103.93,126.68,122.56,120.02,125.41,653,606,559,617,628,581,532,592,37.8,37.8,37.8,37.8,19,19,19,19,80.61,77.22,73.34,77.23,53,51,60,40,14.39,12.95,12.71,12.3,51.76,43.89,49.38,45.77,2,2,3,3,2.56,2.56,2.69,2.56,8,8,9,8,25,25,27,25,238,216,184,230,1,1,1,1,1,1,1,1,0,0,0,0,3,3,3,3,1,1,1,1,12.51,12.34,12.11,12.51,24.88,25.76,25.76,25.76,10.95,13.8,13.57,11.48
OF072522,Cage 2,3526302,Batch 1,Phase 1,2,9:08:42 AM,300,Open Field Zones.szm,Periphery,144.71,122.31,99.98,120.39,116,97,86,61,0,0,0,0,498.87,397.79,305.21,393.52,155.58,132.08,115.89,132.08,99.7,80.65,62.23,87.95,865,731,585,718,822,692,550,675,22.95,20.78,19.56,20.78,17,15,14,15,121.75,101.53,80.42,99.61,131,111,100,75,25.09,17.72,14.93,15.96,61.65,55.93,48.13,62.2,0,0,0,0,5.77,5.37,5.2,5.77,18,16,14,18,43,39,35,43,295,222,156,248,21,21,21,21,23,23,23,23,5.65,5.65,5.65,5.65,0,0,0,0,1,1,1,1,11.03,11.04,11.24,11.28,27.17,29.17,31.91,26.93,15.44,15.7,13.53,15.04
OF072522,Cage 2,3526302,Batch 1,Phase 1,2,9:08:42 AM,300,Open Field Zones.szm,Corner,89.66,75.28,61.76,75.67,53,45,46,32,58.66,58.97,58.97,58.97,152.31,105.09,57.18,86.7,35.24,28.26,18.1,20.64,25.4,14.29,5.4,6.67,375,288,213,285,357,273,201,270,22.37,21.16,18.98,21.16,16,15,13,15,67.28,54.13,42.78,54.51,68,56,54,46,10.36,10.5,10.08,6.78,276.91,,,,2,1,0,0,2.22,1.8,1.69,1.8,9,7,6,7,18,15,12,15,92,67,44,70,21,21,21,21,25,25,25,25,8.08,8.08,8.08,8.08,0,0,0,0,1,0,0,0,7.59,5.89,5.38,5.42,29.36,14.71,14.82,14.82,6.51,8.83,5.08,6.11
OF072522,Cage 2,3526302,Batch 1,Phase 1,2,9:08:42 AM,300,Open Field Zones.szm,Center,111.42,102.41,93.53,102.88,45,52,70,33,0.36,0.36,0.36,0.36,445.49,400.13,346.96,414.69,93.98,84.77,71.44,92.39,103.19,95.89,85.73,96.2,765,692,599,721,734,658,574,690,3.58,3.58,3.58,3.58,3,3,3,3,107.85,98.83,89.95,99.3,48,55,73,36,13.75,12.53,14.94,12.2,70.31,57.71,58.05,62.32,0,1,1,0,3.75,4.67,3.34,3.67,14,14,11,14,31,34,25,31,311,274,185,283,2,2,2,2,2,2,2,2,0,0,0,0,1,2,1,2,1,1,1,1,11.24,11.27,11.39,11.76,22.04,20.9,21.33,22.04,18.03,13.55,13.19,13
OF072522,Cage 2,3526302,Batch 1,Phase 1,3,9:13:42 AM,300,Open Field Zones.szm,Periphery,128.78,116.36,99.48,111.9,101,97,86,56,0,0,0,0,551.94,453.19,354.49,432.2,154.62,132.72,113.03,132.08,182.56,164.78,142.88,154.31,788,663,526,643,749,627,499,607,25.38,25.38,25.38,25.38,19,19,19,19,103.41,90.98,74.11,86.53,119,114,103,74,19.45,20.84,18.75,12.93,37.04,13.81,11.49,27.81,0,0,0,0,6.17,5.97,4.7,5.97,17,15,11,15,39,36,27,36,174,141,80,145,29,29,29,29,37,37,37,37,8.33,8.33,8.31,8.31,2,1,0,1,0,0,0,0,13.23,12.28,12.39,12,27.65,29.03,28.91,27.13,18.07,23.26,16.61,15.01
OF072522,Cage 2,3526302,Batch 1,Phase 1,3,9:13:42 AM,300,Open Field Zones.szm,Corner,108.75,97.43,90.35,98.14,53,43,41,31,58.66,58.97,58.97,58.97,198.53,136.61,88.28,126.61,40.32,28.26,18.73,22.54,33.02,18.1,9.21,20.32,450,358,274,359,431,342,261,342,39.05,39.05,38.95,38.95,27,27,27,27,69.7,58.38,51.39,59.19,80,67,64,58,11.37,9.83,9.97,6.49,99.91,140.08,,167.84,1,0,1,1,3.75,3.56,2.78,3.03,8,7,6,8,19,16,13,17,62,47,33,53,28,28,28,28,44,44,44,44,16.73,16.64,16.64,16.73,1,0,0,1,0,0,0,0,8.63,7.57,5.78,6.88,22.11,21.63,15.55,20.24,9.88,8.34,6.28,6.96
OF072522,Cage 2,3526302,Batch 1,Phase 1,3,9:13:42 AM,300,Open Field Zones.szm,Center,93.63,86.22,80.87,88.2,54,57,60,37,0.36,0.36,0.36,0.36,605.4,554.9,504.47,568.8,165.42,154.94,142.56,159.7,146.37,136.84,127.95,141.92,714,651,582,667,696,633,565,649,8.41,8.41,8.41,8.41,5,5,5,5,85.22,77.81,72.47,79.8,58,61,64,41,16.46,15.3,14.68,13.9,32.53,33.23,32.55,31.93,0,1,1,1,1.91,1.91,1.89,1.91,10,10,9,10,18,18,17,18,278,260,220,271,10,10,10,10,15,15,15,15,1.11,1.11,1.11,1.11,3,3,3,3,2,2,2,2,15.06,14.97,15.41,14.88,28.05,26.46,32.03,28.27,21.88,21.72,22.71,22.63
OF072522,Cage 2,3526302,Batch 1,Phase 1,4,9:18:42 AM,300,Open Field Zones.szm,Periphery,127.99,109.11,94.37,107.51,101,97,75,57,0,0,0,0,493.1,406.5,336.84,396.14,106.36,94.93,84.77,93.66,161.93,142.24,128.27,136.21,743,624,499,607,733,615,493,600,27.83,26.45,26.45,27.83,15,14,14,15,100.17,82.66,67.92,79.68,114,109,86,70,21.47,17.66,18.29,15.83,38.05,29.95,36.79,42.55,0,0,1,1,0.61,0.47,0.28,0.3,4,4,3,3,10,9,6,7,156,106,56,114,20,20,20,20,28,28,28,28,4.92,4.92,4.92,4.92,1,1,1,1,0,0,0,0,11.25,11.72,12.91,12.1,29.94,32.57,31.17,30.26,15.49,16.64,19.93,20.81
OF072522,Cage 2,3526302,Batch 1,Phase 1,4,9:18:42 AM,300,Open Field Zones.szm,Corner,84.91,74.19,69.07,76.22,42,34,34,26,58.66,58.97,58.97,58.97,137.01,103.96,64.57,96.17,22.86,20.96,12.07,16.51,27.31,19.05,10.16,21.91,322,237,180,236,308,225,170,222,31.61,31.61,31.61,31.61,19,19,19,19,53.3,42.58,37.46,44.61,59,48,48,43,9.58,7.65,7.16,5.95,,,,131.11,0,0,0,0,3.12,2.98,2.83,3.12,7,7,6,7,14,12,10,14,40,30,22,33,22,22,22,22,28,28,28,28,9.6,9.6,9.6,9.6,0,0,0,0,0,0,0,0,8.79,9.02,6.14,6.58,21.17,18.95,13.73,17.96,10.14,10.23,6.25,10.23
OF072522,Cage 2,3526302,Batch 1,Phase 1,4,9:18:42 AM,300,Open Field Zones.szm,Center,122.47,116.7,102.94,113.99,52,64,67,40,0.36,0.36,0.36,0.36,443.96,403.44,356.22,412.85,110.49,102.24,99.7,106.68,132.4,126.68,115.89,129.86,661,601,512,606,611,557,479,556,23.85,23.85,22.47,22.47,12,12,11,11,98.62,92.86,80.47,91.52,64,75,76,51,13.88,16.88,17.16,12.75,54.66,55.1,43.48,51.44,2,1,2,2,6.95,6.72,4.52,6.85,21,19,14,21,50,44,33,50,209,183,126,198,6,6,6,6,7,7,7,7,1,1,1,1,2,2,1,1,0,0,1,1,12.1,12.55,13.35,12.44,34.11,35.04,35.04,35.04,15.95,17.38,17.29,16.12
OF072522,Cage 3,3526275,Batch 1,Phase 1,1,9:04:02 AM,300,Open Field Zones.szm,Periphery,147.97,120.8,94.19,119.23,78,91,64,38,0.25,0.25,0.25,0.25,376.46,321.71,273.76,332.51,142.24,135.89,121.6,136.21,88.9,74.61,69.53,81.28,654,566,456,558,630,547,444,534,47.45,34.56,25.91,34.19,21,18,13,17,100.52,86.23,68.28,85.05,96,106,75,54,18.11,20.76,14.96,12.58,48.2,55.71,24.6,30.6,3,2,2,2,2.97,2.66,1.3,2.91,10,7,5,10,24,19,12,24,232,157,123,190,3,3,3,3,5,5,5,5,0.92,0.92,0.92,0.92,0,0,0,0,3,2,2,2,8.4,9.77,10.51,9.06,20.75,25.86,29.99,20.75,13.2,11.87,14.32,13.18
OF072522,Cage 3,3526275,Batch 1,Phase 1,1,9:04:02 AM,300,Open Field Zones.szm,Corner,84.27,63.89,57.61,70.65,34,45,45,19,0,0,0,0,116,77.27,53.65,81.13,26.35,15.24,10.16,14.92,24.13,20.32,13.97,15.24,303,219,164,239,291,212,159,230,26.7,19.28,19.28,21.97,13,9,9,11,57.31,44.36,38.08,48.44,45,53,53,29,8.88,9.94,10.57,6.29,98.13,,,172.67,0,1,0,1,1.47,1.44,1.23,1.27,6,4,3,4,12,7,5,9,77,48,27,58,4,4,4,4,5,5,5,5,0.95,0.95,0.95,0.95,0,0,0,0,0,0,0,0,7.07,5.95,4.61,6.28,13.86,13.82,9.11,12.11,9.07,5.54,5.47,8.25
OF072522,Cage 3,3526275,Batch 1,Phase 1,1,9:04:02 AM,300,Open Field Zones.szm,Center,123.02,115.31,94.42,109.75,46,47,33,21,0.91,0.91,0.91,0.91,329.17,315.9,284.77,301.25,61.38,58.21,56.94,58.21,100.65,99.38,91.44,97.79,509,469,413,458,480,442,386,430,41.5,40.27,27.38,37.95,21,20,17,19,81.52,75.05,67.04,71.8,67,66,49,40,12.5,12.89,11.54,9.18,42.19,46.34,50.35,48.31,3,2,3,2,4.71,4.71,4.71,4.88,10,10,10,10,29,27,27,28,150,123,109,129,0,0,0,0,0,0,0,0,0,0,0,0,1,1,1,1,1,1,1,1,9.89,10.1,9.74,9.58,20.18,20.18,20.18,20.18,13.66,10.49,10.51,10.51
OF072522,Cage 3,3526275,Batch 1,Phase 1,2,9:09:02 AM,300,Open Field Zones.szm,Periphery,128.22,99.38,88.31,103.83,61,49,41,24,0.25,0.25,0.25,0.25,306.36,226.69,180.14,250.19,54.29,43.5,32.39,46.67,77.47,60.96,50.48,66.36,501,376,296,396,487,361,284,383,39.7,31.19,31.19,32.2,21,16,16,17,88.52,68.19,57.13,71.63,81,63,54,41,15.53,14.35,10.57,9.92,42.91,47.1,53.55,41.18,0,0,0,0,2.14,2.45,1.77,2.05,7,6,5,6,14,15,12,13,128,85,57,108,7,7,7,7,11,11,11,11,3.84,3.84,3.84,3.84,0,0,0,0,1,0,0,1,8.64,8.57,8,8.76,17.42,15.46,17.2,16.73,15.35,15.04,11.04,12.78
OF072522,Cage 3,3526275,Batch 1,Phase 1,2,9:09:02 AM,300,Open Field Zones.szm,Corner,96.67,90.83,78.42,91.2,17,16,25,10,0,0,0,0,64.94,45.28,25.53,36.35,7.94,5.4,2.86,4.13,11.11,4.76,1.59,1.59,231,181,127,174,210,161,110,153,53.08,53.08,47.89,53.08,21,21,18,21,43.6,37.75,30.53,38.13,38,37,38,31,4.54,4.91,5.2,3.39,198.09,,,,0,0,0,0,4.3,4.2,2.87,4.3,12,11,9,12,21,20,17,21,59,48,33,56,8,8,8,8,14,14,14,14,3.53,3.53,3.53,3.53,0,0,0,0,0,0,0,0,7.68,6.67,5.08,5.86,13.79,11,9.34,11.57,8.3,6.83,6.56,7.96
OF072522,Cage 3,3526275,Batch 1,Phase 1,2,9:09:02 AM,300,Open Field Zones.szm,Center,115.84,109.8,93.36,103.8,32,32,35,17,0.91,0.91,0.91,0.91,317.8,285.39,225.47,268.67,77.79,69.22,60.96,67.31,75.88,69.22,55.88,66.99,500,448,367,431,487,435,356,419,32.81,32.81,29.49,31.8,17,17,15,16,83.03,76.98,63.87,72,49,49,49,33,12.01,11.65,9.14,7.23,64.95,64.24,61.49,61.52,1,3,3,2,1.36,1.36,1.8,1.08,7,7,5,6,13,13,11,12,153,115,73,120,4,4,4,4,6,6,6,6,1.28,1.28,1.28,1.28,1,1,1,1,1,1,1,1,12.07,12.15,11.58,11.72,21.24,22.08,23.11,22.5,15.95,14.38,16.14,17.99
OF072522,Cage 3,3526275,Batch 1,Phase 1,3,9:14:02 AM,300,Open Field Zones.szm,Periphery,120.89,105.48,87.11,102.75,69,74,85,40,0.25,0.25,0.25,0.25,358.99,298.87,234.37,293.74,68.58,57.15,48.9,58.74,91.76,84.14,74.3,85.41,603,514,369,485,568,493,354,460,29.14,25.78,25.78,25.78,16,15,15,15,91.75,79.7,61.32,76.97,85,89,96,55,15.77,12.82,15.18,11.25,43.96,34.92,27.36,42.03,0,0,1,0,4.66,3.35,2.58,3.53,13,9,6,11,35,21,15,25,137,97,47,114,10,10,10,10,14,14,14,14,1.42,1.42,1.42,1.42,1,0,0,0,1,2,1,1,10.62,10.66,9.86,10.24,22.38,23.08,18.76,22.38,14.85,14.8,13.25,14.24
OF072522,Cage 3,3526275,Batch 1,Phase 1,3,9:14:02 AM,300,Open Field Zones.szm,Corner,49.87,42.77,33.33,38.42,31,22,15,13,0,0,0,0,96.46,65.91,39.78,56.83,15.88,13.34,9.84,9.84,16.83,10.8,8.26,8.26,209,146,100,135,202,139,95,128,11.77,11.77,8.41,8.41,7,7,6,6,38.11,31,24.92,30.01,37,28,20,19,7.18,5.64,3.99,2.89,56.89,,,,1,0,0,0,0.83,0.83,0.77,0.83,2,2,2,2,7,7,5,7,40,31,19,34,9,9,9,9,14,14,14,14,3.08,3.08,3.08,3.08,0,0,0,0,0,0,0,0,9.06,6.11,5.22,5.75,18.14,10.96,9.25,12.49,14,4.64,4.71,8.01
OF072522,Cage 3,3526275,Batch 1,Phase 1,3,9:14:02 AM,300,Open Field Zones.szm,Center,164.65,151.75,145.78,153.95,70,52,54,35,0.91,0.91,0.91,0.91,495.55,453.44,419.45,458.89,152.4,146.69,138.75,148.59,96.84,93.03,87.95,94.3,821,731,668,749,775,695,632,710,47.58,47.58,47.58,47.58,26,26,26,26,117.07,104.18,98.21,106.38,96,77,79,61,16.91,14.57,15.06,12.69,29.56,26.24,27.46,29.51,1,1,1,1,4.58,3.91,4.66,4.06,21,17,17,18,46,36,36,39,278,202,190,222,7,7,7,7,8,8,8,8,0.39,0.39,0.39,0.39,1,0,0,0,1,2,2,1,12.45,12.89,13.35,12.53,27.36,26.99,25.95,27.21,17.34,19.11,17.99,16.97
OF072522,Cage 3,3526275,Batch 1,Phase 1,4,9:19:02 AM,300,Open Field Zones.szm,Periphery,102.34,85.93,71.71,88.03,61,65,65,30,0.25,0.25,0.25,0.25,292.58,228.63,177.94,237.36,63.18,52.39,45.4,58.1,62.23,53.66,46.99,55.56,536,431,307,408,514,418,296,388,24.47,21.77,21.77,24.47,14,12,12,14,77.87,64.16,49.94,63.56,76,76,73,45,15.12,12.9,13.08,9.44,38.68,56.87,57.14,33.86,1,0,0,1,2.14,1.11,0.86,2.45,9,6,5,8,22,13,11,20,104,70,42,85,13,13,13,13,22,22,22,22,5.83,5.83,5.83,5.83,0,0,0,0,0,0,1,0,10.44,10.2,11.02,10.28,23.06,24.47,22.08,21.22,14.47,12.98,19.08,12
OF072522,Cage 3,3526275,Batch 1,Phase 1,4,9:19:02 AM,300,Open Field Zones.szm,Corner,47.27,40.33,32.77,40.1,26,23,20,12,0,0,0,0,87.82,63.34,33.69,53.11,12.7,8.26,1.27,1.27,16.19,13.65,7.62,8.89,213,152,95,143,207,147,95,139,11.89,11.89,11.83,11.83,9,9,9,9,35.38,28.44,20.94,28.27,35,32,27,21,5.53,5.79,5.9,3.06,,,,,0,1,0,0,1.25,1.14,0,0.97,3,3,0,2,6,5,0,4,26,19,8,15,9,9,9,9,17,17,17,17,4.5,4.5,4.5,4.5,0,0,0,0,0,0,0,0,6.98,5.46,5.11,6.05,15.01,7.83,7.53,16.16,11.53,6.9,6.33,6.51
OF072522,Cage 3,3526275,Batch 1,Phase 1,4,9:19:02 AM,300,Open Field Zones.szm,Center,182.54,173.75,164.89,170.7,52,43,41,25,0.91,0.91,0.91,0.91,428.67,396.26,361.96,387.55,100.33,97.79,93.98,96.52,146.37,142.24,139.7,145.1,678,623,553,618,636,580,514,576,78.33,78.33,75.62,75.62,30,30,28,28,104.21,95.42,89.27,95.08,82,72,67,53,13.71,12.77,13.14,11.03,49.94,51.61,51.76,51.61,1,1,1,2,4.3,5.3,4.26,4.3,20,20,19,20,42,43,39,42,268,243,215,247,7,7,7,7,9,9,9,9,0.69,0.69,0.69,0.69,3,3,3,3,1,1,1,1,12.66,12.92,12.7,12.87,25.39,29.08,29.08,29.08,18.19,15.24,14.22,14.67
OF072522,Cage 4,3526248,Batch 1,Phase 1,1,9:04:18 AM,300,Open Field Zones.szm,Periphery,166.02,147.16,119.46,149.69,72,84,75,43,0.42,0.42,0.42,0.42,445.79,390.01,351.13,403.97,195.26,181.93,171.45,187.01,123.19,116.84,104.46,118.43,837,715,609,732,783,670,570,683,49.02,43.36,28.69,45.72,23,20,15,21,117,103.8,90.77,103.97,94,104,89,64,17.94,21.84,18.17,14.07,52.51,63.24,64.52,52.8,1,1,1,0,6.08,5.09,5.15,5.56,21,18,16,20,54,45,39,49,351,288,249,327,6,6,6,6,9,9,9,9,2.3,2.3,2.3,2.3,1,1,1,1,1,2,2,1,9.79,9.68,9.82,10.03,19.66,19.87,24.42,19.66,11.22,11.98,10.63,10.81
OF072522,Cage 4,3526248,Batch 1,Phase 1,1,9:04:18 AM,300,Open Field Zones.szm,Corner,92.36,85.28,76.36,87.13,39,47,45,25,0,0,0,0,159.07,128.52,92.59,114.69,49.53,41.91,33.66,36.51,41.91,31.75,25.4,27.94,365,306,237,309,350,295,229,294,34.88,34.88,32.94,34.88,16,16,15,16,57.06,49.99,43,51.83,53,60,58,39,8.75,9.79,9.09,6.38,,,,,0,0,0,0,1.92,1.48,1.37,1.92,6,5,4,6,15,11,8,15,73,49,37,70,13,13,13,13,18,18,18,18,4.72,4.72,4.72,4.72,0,0,0,0,0,0,0,0,8.85,8.25,7.22,7.11,19.82,19.92,18.35,18.35,10.12,12.94,8.79,7.77
OF072522,Cage 4,3526248,Batch 1,Phase 1,1,9:04:18 AM,300,Open Field Zones.szm,Center,88.65,67.56,57.63,62.69,43,36,26,18,0.69,0.69,0.69,0.69,217.64,206.3,186.46,202.87,42.86,40.01,34.93,40.32,68.9,66.68,66.68,68.9,470,422,366,411,458,411,355,402,35.74,21.06,17.35,18.7,18,13,11,12,52.92,46.5,40.28,43.98,59,49,36,30,10.26,10.08,8.85,9.08,33.93,36.26,36.26,36.81,3,3,3,4,1.91,1.91,1,0.94,5,4,4,3,12,11,11,9,182,165,143,164,0,0,0,0,0,0,0,0,0,0,0,0,0,0,0,0,0,0,0,0,12.99,13.62,13.36,12.68,25.25,25.25,23.51,23.65,16.65,16.65,15.65,15.65
OF072522,Cage 4,3526248,Batch 1,Phase 1,2,9:09:18 AM,300,Open Field Zones.szm,Periphery,127.75,110.94,94.21,112.95,68,74,63,38,0.42,0.42,0.42,0.42,289.67,238.95,186.7,242.79,96.84,91.76,77.15,83.82,67.63,53.34,44.45,60.64,600,507,391,504,570,477,368,476,38.3,32.56,28.42,34.52,27,23,20,24,89.45,78.38,65.78,78.44,92,95,80,60,13.62,15.23,15.5,9.81,54.15,66.76,43.29,31.76,1,1,1,1,5.41,5.39,3.53,4.73,12,12,9,11,30,30,23,28,159,115,80,116,12,12,12,12,13,13,13,13,2.78,2.78,2.78,2.78,0,0,0,1,0,0,0,0,9.71,9.35,9.52,9.25,17.69,17.69,18.49,18.49,15.69,14.61,10.94,11.88
OF072522,Cage 4,3526248,Batch 1,Phase 1,2,9:09:18 AM,300,Open Field Zones.szm,Corner,77.63,67.56,59.8,69.5,36,34,36,20,0,0,0,0,114.6,87.51,56.61,76.1,11.75,7.94,6.67,9.21,33.97,26.35,15.24,19.05,336,263,199,272,314,247,187,253,29.23,27.61,25.14,27.87,20,19,17,19,48.39,39.96,34.66,41.63,56,53,53,39,8.49,8.51,8.66,5.33,,,,,1,2,0,0,4.11,4.03,3.08,3.06,10,7,5,8,22,16,12,19,83,56,34,73,12,12,12,12,22,22,22,22,6.66,6.66,6.66,6.66,0,0,0,0,0,0,0,0,9.25,8.67,7.57,7.58,19.14,20.21,20.19,20.21,12.92,14.71,8.92,7.15
OF072522,Cage 4,3526248,Batch 1,Phase 1,2,9:09:18 AM,300,Open Field Zones.szm,Center,129.06,121.5,112.46,117.24,38,41,33,22,0.69,0.69,0.69,0.69,324.37,296.27,276.44,300.13,69.22,58.42,54.61,65.09,57.15,55.88,52.71,55.88,627,578,527,570,593,544,497,536,39.39,36.88,33.61,34.66,23,21,19,20,89.67,84.62,78.84,82.58,61,62,52,42,13.95,11.95,10.58,9.69,44.82,47.56,24.36,25.43,1,2,2,1,6,6,5.64,5.75,16,16,14,16,34,34,30,34,242,218,203,225,3,3,3,3,3,3,3,3,0.49,0.49,0.49,0.49,1,0,0,0,1,1,1,2,11.47,11.39,11.27,11.57,28.17,28.17,28.17,28.17,16.92,15.24,14.5,17.15
OF072522,Cage 4,3526248,Batch 1,Phase 1,3,9:14:18 AM,300,Open Field Zones.szm,Periphery,133.31,117.05,97.9,108.28,83,85,63,35,0.42,0.42,0.42,0.42,315.63,277.22,220.89,264.82,92.71,87,73.66,84.77,66.99,59.06,48.58,59.06,618,522,421,500,587,498,399,476,45.95,41.95,36.69,37.72,26,23,21,22,87.36,75.1,61.21,70.57,106,104,81,56,15.69,17.9,13.96,10.83,39.49,27.61,17.58,19.08,1,1,1,2,4.63,2.83,2.92,2.7,13,10,8,10,31,24,22,24,157,88,58,107,13,13,13,13,23,23,23,23,5.94,5.94,5.94,5.94,0,0,0,0,2,2,1,1,11.17,11.21,11.49,10.97,22.18,24.03,22.9,22.65,15.91,15.3,13.19,12.51
OF072522,Cage 4,3526248,Batch 1,Phase 1,3,9:14:18 AM,300,Open Field Zones.szm,Corner,73.73,61.84,51.47,68.52,31,36,26,16,0,0,0,0,107.72,70.39,50.38,75.37,29.85,19.05,14.61,15.88,26.35,17.15,10.48,14.61,247,186,136,194,236,182,135,183,32.67,28.44,24.44,32.67,20,19,16,20,41.06,33.41,27.03,35.85,51,53,41,36,7.53,6.6,4.49,4.27,,,,,1,1,0,0,1.77,0.17,0,1.77,4,2,1,4,11,4,1,11,40,19,7,27,12,12,12,12,19,19,19,19,5.02,5.02,5.02,5.02,0,0,0,0,0,0,0,0,8.18,7.02,5.04,7.23,27.46,27.46,11.45,27.46,16.46,10.23,5.35,6.12
OF072522,Cage 4,3526248,Batch 1,Phase 1,3,9:14:18 AM,300,Open Field Zones.szm,Center,129.95,121.1,115.22,122.84,48,48,56,22,0.69,0.69,0.69,0.69,313.34,289.4,271,292.59,72.39,69.85,68.58,72.39,68.58,67.31,66.04,68.58,555,482,422,502,511,449,397,459,47.51,46.48,46.48,46.48,25,24,24,24,82.44,74.62,68.74,76.36,74,72,80,47,11.54,12.38,15.36,10.14,39.56,41.89,24,43.04,1,1,1,1,5.34,3.67,2.88,5.24,20,14,11,19,44,33,25,43,181,137,108,167,3,3,3,3,5,5,5,5,0.47,0.47,0.47,0.47,2,2,2,2,0,0,0,0,11.03,12.13,11.67,11.29,25.34,26.46,24.86,25.34,14.56,15.64,13.89,15.51
OF072522,Cage 4,3526248,Batch 1,Phase 1,4,9:19:18 AM,300,Open Field Zones.szm,Periphery,103.69,93.89,83.04,94.37,50,59,49,28,0.42,0.42,0.42,0.42,259.34,230.37,188.6,224.97,51.44,46.36,40.96,48.58,89.54,85.41,79.06,83.19,471,408,319,402,452,394,308,383,33.02,33.02,33.02,33.02,18,18,18,18,70.67,60.87,50.02,61.35,68,75,65,46,11.38,13.44,14.84,10.39,29.8,32.23,36.22,46.91,1,0,0,1,3.06,1.98,0.58,3.06,9,7,6,9,19,14,11,19,105,69,54,99,13,13,13,13,22,22,22,22,4.64,4.64,4.64,4.64,1,1,1,1,0,0,0,0,11.67,11.22,11.02,10.79,22.53,21.34,21.45,20.58,20.28,16.35,12.34,15.44
OF072522,Cage 4,3526248,Batch 1,Phase 1,4,9:19:18 AM,300,Open Field Zones.szm,Corner,45.56,40.86,35.99,39.75,21,26,17,12,0,0,0,0,55.39,41.68,26.74,33.32,17.46,13.34,8.26,9.84,1.27,1.27,1.27,1.27,150,114,76,106,148,114,76,106,22.58,22.58,22.58,22.58,12,12,12,12,22.99,18.28,13.41,17.17,32,36,27,23,5.55,5.27,2.74,2.64,,,,,0,0,0,0,0.44,0,0,0,1,0,0,0,2,0,0,0,10,6,0,4,8,8,8,8,17,17,17,17,7.28,7.28,7.28,7.28,0,0,0,0,0,0,0,0,8.27,7.29,5.54,6.69,17.32,14.18,13.92,13.16,10.15,7.26,5.67,5.93
OF072522,Cage 4,3526248,Batch 1,Phase 1,4,9:19:18 AM,300,Open Field Zones.szm,Center,171.95,165.25,160.33,165.07,39,34,34,20,0.69,0.69,0.69,0.69,253.78,223.92,209.9,233.74,39.05,37.78,37.78,39.05,66.36,60.01,55.88,62.23,560,512,468,516,522,476,434,479,86.53,86.53,86.53,86.53,31,31,31,31,85.42,78.72,73.79,78.54,70,65,62,51,11.78,9.42,8.94,8.29,28.17,25.85,25.94,27.88,1,1,1,1,9.12,9.3,9.36,9.05,15,14,13,14,38,36,34,37,214,191,176,203,2,2,2,2,2,2,2,2,0,0,0,0,0,0,0,0,2,2,2,2,11.6,11.53,11.69,11.46,24.33,23.58,23.94,22.17,16.87,17.6,13.42,17.91
OF072522,Cage 5,3526807,Batch 1,Phase 1,1,9:05:04 AM,300,Open Field Zones.szm,Periphery,180.41,152.07,133.18,157.03,93,106,103,56,0,0,0,0,638.78,566.56,474,545.03,172.09,164.47,153.04,169.55,228.28,214.95,191.77,209.87,1029,889,743,903,986,854,714,864,22.11,22.11,22,22.11,11,11,11,11,158.31,129.96,111.18,134.93,104,112,109,67,27.69,25.17,21.15,18.35,30.13,28.34,21.55,32.56,2,1,1,1,4.92,3.65,2.17,3.93,18,14,11,18,43,35,29,39,402,325,224,329,10,10,10,10,14,14,14,14,3.55,3.55,3.55,3.55,4,3,4,4,1,1,1,1,9.38,9.82,9.96,9.06,19.53,19.62,22.11,21.53,14.29,11.81,13.87,14.34
OF072522,Cage 5,3526807,Batch 1,Phase 1,1,9:05:04 AM,300,Open Field Zones.szm,Corner,120.59,107.98,85.3,102.51,68,70,60,36,3.7,3.7,3.7,3.7,195.89,129.13,80.02,135.28,42.23,32.07,25.72,28.26,51.12,29.53,19.37,32.7,507,410,281,398,469,380,257,365,25.39,25.39,25.39,25.39,15,15,15,15,95.2,82.59,59.91,77.12,83,85,73,51,17.45,14.89,11.05,8.64,81.05,,,,0,0,0,0,5.42,4.74,3.99,5.27,19,16,13,15,38,30,24,33,171,118,65,136,9,9,9,9,17,17,17,17,5.64,5.64,5.64,5.64,1,0,0,0,0,0,0,0,6.67,6.15,5.03,5.81,14.51,13.73,10.83,13.14,7.2,6.99,5.54,6.33
OF072522,Cage 5,3526807,Batch 1,Phase 1,1,9:05:04 AM,300,Open Field Zones.szm,Center,47.17,39.95,34.29,39.77,48,36,33,22,1.28,1.28,1.28,1.28,217.1,188.4,165.29,198.06,40.01,38.74,37.47,37.47,40.01,38.42,35.24,38.42,364,306,247,297,363,305,246,296,6.56,6.45,6.45,6.45,5,5,5,5,40.6,33.5,27.83,33.31,53,40,36,27,9.6,7.04,6.83,6.81,65.55,68.95,69.02,64.84,0,1,0,0,0.31,0.31,0.31,0.31,1,1,1,1,1,1,1,1,68,65,55,61,1,1,1,1,1,1,1,1,0,0,0,0,1,1,0,0,0,0,0,0,11.88,12.29,12.42,12.21,19.32,19.11,18.84,18.84,13.12,19.29,19.52,15.17
OF072522,Cage 5,3526807,Batch 1,Phase 1,2,9:10:04 AM,300,Open Field Zones.szm,Periphery,170.79,147.18,114.99,147.75,63,61,68,33,0,0,0,0,442.06,371.71,292.26,387.59,131.76,119.7,109.22,121.92,95.89,85.09,66.68,94.3,711,602,477,610,685,585,470,591,47.23,45.12,30.55,44.11,27,25,18,25,123.56,102.06,84.44,103.64,91,86,85,59,17.49,17.88,15.38,12.45,47.59,36.04,63.79,58.93,0,0,0,0,3.16,3.25,1.89,2.59,11,9,4,10,26,17,7,19,172,109,49,118,14,14,14,14,31,31,31,31,12.7,12.7,12.7,12.7,1,0,1,0,1,0,0,1,9.87,9.87,9.59,9.76,24.04,23.95,22.46,24.04,12.29,14.76,13.58,10.26
OF072522,Cage 5,3526807,Batch 1,Phase 1,2,9:10:04 AM,300,Open Field Zones.szm,Corner,80.05,70.07,60.46,68.49,35,26,23,16,3.7,3.7,3.7,3.7,114.94,69.55,34.17,59.36,18.42,9.53,3.81,9.53,29.85,15.56,9.21,9.21,312,240,165,223,283,214,143,198,29.81,27.73,27.73,27.73,19,17,17,17,50.23,42.33,32.73,40.75,51,41,38,32,6.6,4.16,3.82,3.53,72.81,97.52,,,0,0,0,0,7.38,7.25,6.3,6.55,10,8,6,7,29,26,22,25,80,60,38,58,9,9,9,9,19,19,19,19,5.8,5.8,5.8,5.8,0,0,0,0,0,0,0,0,7.21,5.95,3.89,4.82,25.58,17.09,10.24,9.35,7.92,6.8,3.81,9.56
OF072522,Cage 5,3526807,Batch 1,Phase 1,2,9:10:04 AM,300,Open Field Zones.szm,Center,106.75,82.75,68.75,82.36,45,35,40,19,1.28,1.28,1.28,1.28,298.83,257.91,222.94,246.78,77.47,75.88,69.53,73.66,75.88,71.76,67.31,68.9,502,429,346,418,480,412,337,401,41.06,27.55,25.44,28.56,22,16,14,16,65.69,55.21,43.32,53.8,64,51,53,34,10.39,8.52,7.97,5.9,46.15,39.83,27.73,39.08,0,0,1,1,3.52,3.09,2.28,3.09,9,7,4,7,22,17,9,17,145,103,59,111,7,7,7,7,10,10,10,10,1.44,1.44,1.44,1.44,1,2,2,2,2,0,1,1,11.22,11.39,12.57,11.61,23.22,26.97,22.56,26.97,17.12,12.09,24.28,20.13
OF072522,Cage 5,3526807,Batch 1,Phase 1,3,9:15:04 AM,300,Open Field Zones.szm,Periphery,172.93,146.37,112.18,144.55,74,98,73,35,0,0,0,0,256.92,214.56,168.72,216.11,55.88,45.72,40.64,46.99,59.69,46.04,39.69,55.56,578,487,358,470,543,468,342,439,74.28,66.33,50.85,65.69,44,40,30,38,98.65,80.04,61.33,78.86,114,131,97,71,16.18,21.02,15.66,8.95,38.36,21,52.08,42.46,1,1,1,1,6.8,2.11,1.81,6.13,18,11,9,16,35,19,16,31,167,99,74,132,17,17,17,17,25,25,25,25,4.35,4.35,4.35,4.35,0,0,0,0,2,2,1,2,7.89,7.72,7.56,7.59,21.34,22.76,24.21,24.66,9.68,8.4,9.86,9.59
OF072522,Cage 5,3526807,Batch 1,Phase 1,3,9:15:04 AM,300,Open Field Zones.szm,Corner,110.01,91.59,69.65,91.12,46,58,40,15,3.7,3.7,3.7,3.7,93.02,63.32,37.92,59.88,12.7,10.16,3.81,7.62,26.35,22.54,11.43,13.02,315,239,171,245,291,223,159,226,40.23,34.48,26.53,33.92,22,19,15,20,69.78,57.11,43.12,57.2,66,75,52,34,9.22,13.04,8.21,3.82,,,,,2,1,1,2,4.45,3.24,2.35,3.39,13,9,6,10,24,16,12,19,90,57,33,74,13,13,13,13,25,25,25,25,6.66,6.66,6.66,6.66,0,0,0,0,0,0,0,0,6.45,5.7,4.91,5.53,15.51,11.62,10.99,12.34,7.64,8.17,8.67,7.26
OF072522,Cage 5,3526807,Batch 1,Phase 1,3,9:15:04 AM,300,Open Field Zones.szm,Center,80.2,62.04,57.42,63.49,44,40,34,25,1.28,1.28,1.28,1.28,257.2,235.49,218.52,236.47,68.58,64.77,60.96,66.04,64.14,61.6,59.06,61.6,429,371,325,375,423,368,322,370,30.81,21.08,21.08,22.28,19,12,12,13,49.39,40.97,36.34,41.21,60,52,45,37,9.27,8.08,6.89,7.48,46.13,38.84,48.5,46.52,1,1,0,1,0.53,0.34,0.34,0.52,4,2,2,3,6,3,3,5,85,63,53,69,4,4,4,4,8,8,8,8,2.06,2.06,2.06,2.06,1,1,1,1,0,0,0,0,12.19,12.72,12.45,12.25,22.28,27,22.24,22.1,16.74,18.95,17.52,16.83
OF072522,Cage 5,3526807,Batch 1,Phase 1,4,9:20:04 AM,300,Open Field Zones.szm,Periphery,126.05,117.55,99.32,107.85,37,48,42,20,0,0,0,0,212.72,181.98,139.61,179.39,41.91,38.74,34.61,37.15,65.72,64.45,54.93,60.64,380,331,267,329,360,316,257,311,44.96,44.96,41.06,41.16,25,25,22,22,81.09,72.59,58.25,66.69,62,70,60,43,11.41,9.16,11.11,6.47,46.9,9.62,41.58,39.79,4,0,0,1,6.23,6.05,4.81,5.78,10,8,5,9,20,15,10,18,85,65,39,59,17,17,17,17,24,24,24,24,6.66,6.66,6.63,6.66,0,0,1,0,0,0,0,0,8.41,7.33,7.8,8.58,15.9,15,20.11,16.53,8.78,7.97,5.06,11.36
OF072522,Cage 5,3526807,Batch 1,Phase 1,4,9:20:04 AM,300,Open Field Zones.szm,Corner,132.91,121.42,115.53,126.81,25,23,19,9,3.7,3.7,3.7,3.7,51.56,31.5,19.61,30.24,8.26,5.72,4.45,5.72,10.16,3.81,3.81,6.35,247,194,168,208,202,151,128,165,71.85,68.05,68.05,71.85,31,28,28,31,60.97,53.37,47.48,54.97,55,50,45,39,5.27,5.64,3.02,2.33,88.17,,,,1,1,0,1,12.47,12.02,12.64,12.38,17,16,15,16,45,43,40,43,101,86,77,97,10,10,10,10,16,16,16,16,2.44,2.44,2.44,2.44,0,0,0,0,0,0,0,0,6.13,6.25,5.06,5.06,16.72,16.47,16.34,16.47,3.9,7.03,6.72,5.97
OF072522,Cage 5,3526807,Batch 1,Phase 1,4,9:20:04 AM,300,Open Field Zones.szm,Center,68.2,61.03,58.42,65.34,21,26,19,12,1.28,1.28,1.28,1.28,228.24,204.12,185.27,207.98,55.56,53.98,52.07,55.56,62.23,59.06,57.79,60.33,378,349,309,345,370,341,303,337,20.12,20.12,20.12,20.12,9,9,9,9,48.08,40.91,38.3,45.22,30,35,28,21,8.58,7.98,6.83,7.34,54.65,56.82,61.65,55.24,1,0,0,0,0.83,0.83,0.75,0.83,3,3,3,3,8,8,6,8,121,118,106,120,7,6,6,6,12,11,11,11,1.11,1.11,1.11,1.11,0,0,0,0,0,0,0,0,12.41,12.4,11.44,11.87,22.72,25.97,20.47,21.61,13.67,20.02,25.43,28.97
OF072522,Cage 6,3526780,Batch 1,Phase 1,1,9:05:22 AM,300,Open Field Zones.szm,Periphery,174.65,147.11,115.45,145.6,75,86,80,37,0.02,0.02,0.02,0.02,561.03,459.67,365.2,475.22,111.44,103.82,93.35,103.19,173.99,151.13,134.62,168.91,780,665,513,659,738,630,494,621,20.94,18.34,12.44,15.94,15,13,9,11,153.71,128.77,103.02,129.66,88,97,89,48,24.63,27.2,19.97,16.88,27.13,24.35,33.65,37.91,2,1,1,1,6.3,4.7,3.47,5.85,19,16,10,17,42,35,19,38,221,166,105,181,12,12,12,12,20,20,20,20,6.95,6.92,6.92,6.92,0,0,0,0,3,3,2,3,8.56,8.6,8.51,8.55,16.94,18.02,19.07,23.01,11.07,11.18,12.57,8.08
OF072522,Cage 6,3526780,Batch 1,Phase 1,1,9:05:22 AM,300,Open Field Zones.szm,Corner,97.06,76.15,59.25,82.23,47,59,49,24,0,0,0,0,176.71,120.49,61.19,106.89,23.5,15.88,10.8,14.61,49.21,33.97,16.51,16.51,354,261,174,274,336,250,164,256,17.86,13.87,12.86,17.86,13,10,9,13,79.19,62.26,46.37,64.36,60,69,58,37,13.27,13.93,9.98,4.9,79.27,86.63,,,0,0,0,0,3.55,2.25,2.2,3.55,8,6,5,8,18,11,10,18,55,26,19,49,12,12,11,12,17,17,16,17,4.27,4.27,4.27,4.27,0,0,0,0,0,0,0,0,7.17,6.15,3.91,5.72,15.68,15.68,8.61,19.73,10.38,12.43,4.51,8.1
OF072522,Cage 6,3526780,Batch 1,Phase 1,1,9:05:22 AM,300,Open Field Zones.szm,Center,89.96,76.74,66.11,72.06,44,26,25,14,0.11,0.11,0.11,0.11,386.64,338.45,296.39,334.49,47.84,43.71,41.17,45.61,99.38,94.3,88.9,93.98,533,468,405,452,519,454,391,438,10.16,8.23,6.66,6.66,7,6,5,5,79.8,68.5,59.45,65.41,50,31,29,19,17.31,12.31,9.57,10.55,50.58,50.31,47.87,44.83,1,1,1,1,2.02,2.02,2.02,2.02,7,7,7,7,14,14,14,14,184,153,133,157,1,1,1,1,1,1,1,1,0.09,0.09,0.09,0.09,0,0,0,0,2,0,1,0,10.5,10.9,10.97,11.31,18.6,18.16,18.99,18.99,14.5,15.47,15.81,17.85
OF072522,Cage 6,3526780,Batch 1,Phase 1,2,9:10:22 AM,300,Open Field Zones.szm,Periphery,155.4,125.56,98.16,124.08,76,70,59,30,0.02,0.02,0.02,0.02,350.45,280.29,204.1,279.48,63.82,55.56,51.75,58.74,92.39,82.23,64.45,82.23,588,456,341,441,569,440,328,426,31.1,27.91,23.47,27.08,20,18,15,17,124.31,97.65,74.69,97,97,88,74,48,24.97,19.44,13.32,15.4,38.88,22.06,30.3,51.82,1,0,0,0,3.55,3.49,2.92,2.98,10,8,6,7,19,16,13,15,127,94,59,101,16,15,15,15,24,23,23,23,3.94,3.94,3.84,3.84,0,0,0,0,1,1,1,1,8.77,8.56,8.53,7.93,21.39,22.75,24.08,22.19,10.06,10.18,9.31,8.84
OF072522,Cage 6,3526780,Batch 1,Phase 1,2,9:10:22 AM,300,Open Field Zones.szm,Corner,94.55,75.41,57.71,77.61,45,36,36,19,0,0,0,0,112.92,71.46,41.31,62.25,8.26,5.72,1.59,2.86,19.69,10.16,3.81,6.35,323,233,157,245,307,221,146,233,24.34,19.91,16.72,20.73,15,12,10,13,70.21,55.5,40.99,56.88,59,47,45,32,10.62,8.96,8.63,5.28,140.24,,,,1,0,0,0,3.92,3.22,3.53,3.34,7,5,6,6,16,12,11,12,91,67,36,82,13,12,13,13,27,26,26,27,8.74,8.52,8.27,8.74,0,0,0,0,0,0,0,0,6.53,5.91,5,6.16,18.62,17.34,10,19.71,6.07,6.97,6.15,6.52
OF072522,Cage 6,3526780,Batch 1,Phase 1,2,9:10:22 AM,300,Open Field Zones.szm,Center,110.76,99.03,86.89,97.19,34,35,40,16,0.11,0.11,0.11,0.11,306.78,263.96,223.95,268.23,31.75,30.48,26.35,30.16,59.37,51.12,47.31,54.93,549,480,405,486,521,456,383,458,9.72,9.72,9.72,9.72,7,7,7,7,101.04,89.31,77.18,87.47,41,42,47,23,13.53,12.45,12.77,9.2,48.92,49.94,45.15,51.3,0,0,0,0,4.55,4.17,3.94,4.55,12,11,10,12,28,24,22,28,245,210,170,216,2,2,2,2,4,4,4,4,0.91,0.91,0.91,0.91,0,0,0,0,0,0,0,0,10.25,10.25,10.37,10.25,20.17,22.68,24.33,20.17,13.58,13.58,12.25,13.79
OF072522,Cage 6,3526780,Batch 1,Phase 1,3,9:15:22 AM,300,Open Field Zones.szm,Periphery,144.85,131.78,108.36,122.78,58,55,43,20,0.02,0.02,0.02,0.02,305.23,268.62,208.3,262.12,81.6,77.79,64.45,73.34,84.77,77.15,67.63,83.19,507,426,334,413,501,422,330,409,47.91,46.11,44.28,44.34,24,23,22,22,96.94,85.67,64.07,78.44,83,77,61,43,14.07,16.01,9.59,7.91,15.54,15.6,12.63,13.42,1,2,1,1,0.45,0.41,0.91,0.41,4,3,3,3,6,4,4,4,129,82,68,105,13,13,11,11,20,20,19,19,4.47,4.47,3.83,3.83,0,0,0,0,2,2,2,2,8.13,7.11,8.05,7.6,19.53,20.32,22.09,19.71,11.98,7.62,10.16,7.89
OF072522,Cage 6,3526780,Batch 1,Phase 1,3,9:15:22 AM,300,Open Field Zones.szm,Corner,122.11,106.61,97.37,112.05,34,32,34,16,0,0,0,0,109.97,69.22,42.74,65.6,18.42,10.16,6.35,10.8,19.05,10.8,4.45,6.03,296,219,157,232,279,198,147,218,55.13,53.3,51.5,55.06,24,23,22,24,66.99,53.31,45.87,56.98,59,54,55,40,7.39,7.31,7.02,3.66,59.4,86.94,,,0,0,0,0,3.05,4.72,2.03,2.47,9,8,5,8,17,21,10,14,53,36,19,34,12,13,13,12,16,16,16,16,7.19,5.95,5.95,7.19,0,0,0,0,0,0,0,0,5.62,4.64,3.79,4.8,15.79,11.55,7.75,11.55,5.29,5.6,3.81,5.03
OF072522,Cage 6,3526780,Batch 1,Phase 1,3,9:15:22 AM,300,Open Field Zones.szm,Center,70.67,61.61,57.78,64.58,19,23,25,7,0.11,0.11,0.11,0.11,156.68,132.2,122.07,137.5,22.86,17.78,17.78,17.78,38.74,37.47,36.2,36.2,322,281,238,282,299,261,221,259,10.23,10.23,10.23,10.23,8,8,8,8,60.44,51.38,47.55,54.34,27,31,33,15,8.19,6.89,7.03,6.12,50.34,44.06,44.81,51.37,1,1,1,1,2.49,2.36,2.25,2.49,9,8,7,9,23,20,17,23,118,96,78,116,5,5,5,5,9,9,9,9,1.86,1.86,1.86,1.86,0,0,0,0,0,0,0,0,8.43,8.67,8.89,8.99,13.29,13.74,13,12.77,14.31,11.24,8.95,12.96
OF072522,Cage 6,3526780,Batch 1,Phase 1,4,9:20:22 AM,300,Open Field Zones.szm,Periphery,138.56,120.67,92.5,113.75,64,70,62,30,0.02,0.02,0.02,0.02,402.87,327.26,251.21,322.8,72.07,63.18,52.39,64.14,118.75,107.32,87.31,109.22,631,520,386,514,622,511,380,505,29.98,29.98,24.94,25.94,19,19,17,18,108.58,90.68,67.56,87.81,83,86,75,48,18.25,18.85,10.82,10.88,30.61,32.24,29.2,34.68,0,1,0,0,1.03,1.03,0.41,1.03,5,5,4,5,9,9,6,9,179,120,56,134,19,19,18,18,23,23,22,22,5.64,5.59,5.58,5.59,1,2,0,1,4,3,1,3,9.46,10.21,9.56,9.77,26.05,24.47,19.15,27.86,13.16,17.04,16.82,14.97
OF072522,Cage 6,3526780,Batch 1,Phase 1,4,9:20:22 AM,300,Open Field Zones.szm,Corner,94.32,79.96,70.23,81.61,38,37,31,19,0,0,0,0,144.39,95.92,59.45,88.27,19.69,10.48,4.13,9.21,28.26,12.38,5.72,6.99,342,259,192,254,327,247,182,241,26.06,26.06,26.06,26.06,16,16,16,16,68.25,53.9,44.17,55.55,54,52,45,35,11.47,10.19,7.05,7.14,245.53,,,159.98,0,0,0,0,3.17,2.48,2.41,2.17,6,5,5,6,15,12,10,13,87,63,44,75,19,18,18,18,28,27,27,27,8.75,8.48,8.42,8.75,0,0,0,0,2,0,0,1,6.67,6.04,5.4,5.51,19.81,15.11,11.71,11.71,6.22,5.63,5.03,4.8
OF072522,Cage 6,3526780,Batch 1,Phase 1,4,9:20:22 AM,300,Open Field Zones.szm,Center,115.98,99.38,91.2,103.71,42,33,33,18,0.11,0.11,0.11,0.11,354.51,311.41,272.27,317.02,77.15,72.71,70.17,73.03,64.14,57.79,53.02,61.28,604,527,458,542,581,504,436,519,32.23,27.19,27.19,31.23,14,12,12,13,83.75,72.19,64.02,72.47,57,44,43,32,14.18,11.25,10.13,10.6,37.62,30.02,39.64,36.19,1,2,1,1,5.66,5.66,5.58,5.66,11,11,10,11,23,23,22,23,208,172,115,165,11,11,11,11,15,15,15,15,1.89,1.89,1.89,1.89,0,0,0,0,3,2,2,2,13.03,13.14,13.53,14.05,34.39,34.39,34.39,34.39,18.97,16.12,28.27,21.48
OF072522,Cage 7,3526753,Batch 1,Phase 1,1,9:05:39 AM,300,Open Field Zones.szm,Periphery,176.49,156.77,138.59,157.97,65,71,63,30,3.14,3.98,3.98,3.98,421.7,344.77,266.88,345.73,64.77,51.44,43.5,53.66,124.78,113.35,94.3,112.4,784,699,576,681,725,648,523,626,28.22,27.19,24.31,27.19,19,18,17,18,148.27,129.59,114.28,130.78,84,89,78,48,22.98,20.23,18.31,16.36,64.45,58.49,74.99,70.35,2,1,0,0,7.41,6.63,7.38,6.73,26,24,23,25,59,51,53,55,322,277,235,300,5,5,5,5,5,5,5,5,0.05,0,0,0,0,1,1,0,3,2,1,2,8.58,8.26,7.84,7.95,30.56,22.21,22.21,22.21,11.57,12.51,10.37,11.45
OF072522,Cage 7,3526753,Batch 1,Phase 1,1,9:05:39 AM,300,Open Field Zones.szm,Corner,115.24,102.13,89.12,101.75,42,45,40,22,8.06,8.06,20.11,20.11,171.36,122.09,69.1,109.28,25.08,18.73,9.21,16.19,34.29,20.32,11.43,17.46,395,322,241,323,372,298,220,302,30.96,28.08,27.05,28.08,18,17,16,17,84.28,74.05,62.07,73.67,60,61,55,39,10.84,9.51,9.12,7.23,131.51,,,,2,2,1,1,3.91,4.27,3.84,3.84,10,11,9,9,23,24,21,21,103,84,55,88,7,7,7,7,13,13,12,13,3.59,3.59,2.97,3.59,0,0,0,0,0,0,0,0,6.81,5.66,4.85,5.71,17.44,16.65,12.01,14.52,10.17,4.28,5.9,5.51
OF072522,Cage 7,3526753,Batch 1,Phase 1,1,9:05:39 AM,300,Open Field Zones.szm,Center,47.36,41.1,34.39,39.03,35,26,25,13,0,0,0,0,228.79,191.56,167.63,189.85,67.1,65.51,61.7,65.83,23.81,18.73,16.19,21.27,319,261,221,258,313,256,218,252,5.23,5.23,5.23,5.23,4,4,4,4,42.13,35.87,29.16,33.8,39,30,29,17,9.52,8.55,6.41,6.59,37.84,16.8,15.35,38.36,0,0,0,0,0.36,0.28,0.22,0.36,2,2,1,2,6,5,3,6,75,62,51,65,1,1,1,1,2,2,2,2,0.11,0.11,0.11,0.11,0,0,0,0,0,0,0,0,10.33,10.34,11.13,11.41,19.57,19.57,18.75,19.61,13.26,13.97,14.94,13.96
OF072522,Cage 7,3526753,Batch 1,Phase 1,2,9:10:39 AM,300,Open Field Zones.szm,Periphery,154.08,119.63,85.36,115.57,78,71,59,38,3.14,3.98,3.98,3.98,361.22,295.82,223.86,281.9,73.34,62.87,53.66,58.74,93.98,88.58,76.2,80.33,564,461,343,468,531,433,321,438,36.19,27.45,18.55,26.66,20,16,11,15,117.89,92.17,66.81,88.91,95,86,68,53,26,21.18,16.23,11.6,54.34,42.51,32.4,30.29,3,2,1,2,7.43,6.41,5.52,6.46,14,11,9,13,33,28,22,30,128,95,52,102,9,8,8,8,11,10,10,10,3.22,3.22,3.12,3.22,0,0,0,0,1,1,1,1,8.61,8.4,8.28,8.28,21.04,19.6,20.61,20.61,11.37,7.14,12.04,10.69
OF072522,Cage 7,3526753,Batch 1,Phase 1,2,9:10:39 AM,300,Open Field Zones.szm,Corner,119.23,98.11,75.05,97.7,41,34,42,21,8.06,8.06,20.11,20.11,89.43,49.05,32.39,47.91,5.08,1.27,1.27,1.27,13.34,6.99,4.13,6.67,338,258,187,255,291,220,165,218,38.16,30.32,22.63,31.1,20,16,13,17,81.07,67.79,52.42,66.61,58,47,51,36,7.84,9.64,9.52,5.25,,,,,1,1,0,0,13.59,11.03,7,11.29,19,15,11,15,47,38,22,37,129,99,52,95,10,10,10,10,16,16,16,16,4.94,4.88,4.88,4.88,0,0,0,0,0,0,0,0,5.35,5.02,4.6,4.45,12.54,11.65,8.61,8.61,5.25,6.15,4.26,5.28
OF072522,Cage 7,3526753,Batch 1,Phase 1,2,9:10:39 AM,300,Open Field Zones.szm,Center,99.89,82.26,70.88,83.61,33,36,35,20,0,0,0,0,339.65,302.12,253.39,310.52,64.14,58.74,48.26,62.87,46.04,40.01,37.47,44.77,458,389,336,401,450,383,333,395,20.33,16.37,15.33,16.39,12,10,9,10,79.56,65.89,55.55,67.22,46,46,43,31,12.34,14.34,12.49,10.06,20.4,24,17.74,34.61,3,0,0,2,0.47,0.22,0.19,0.2,5,4,3,4,8,6,3,6,80,61,36,63,1,1,1,1,2,2,1,2,0.44,0.44,0,0.44,0,0,0,0,0,0,0,0,8.93,9.65,9.71,9.07,19.42,19.42,20.25,20.75,13.35,13.35,13.94,16.26
OF072522,Cage 7,3526753,Batch 1,Phase 1,3,9:15:39 AM,300,Open Field Zones.szm,Periphery,153.45,122.59,101.1,132.78,59,67,73,33,3.14,3.98,3.98,3.98,379,284.04,212.59,303.73,73.98,63.18,48.26,68.9,104.46,89.22,73.98,90.49,648,513,398,547,596,479,371,503,25.52,25.52,23.21,24.24,15,15,13,14,127.94,97.08,77.89,108.54,74,82,85,48,17.13,15.83,16.84,12.2,45.92,43.46,11.77,32.18,1,1,1,2,9.13,6.53,4.28,7.66,21,13,11,18,52,34,27,44,221,162,122,201,13,13,13,13,22,22,22,22,3.58,3.58,3.58,3.58,1,1,1,1,2,1,1,1,9,8.5,8.07,8.28,23.37,23.37,23.67,23.37,7.72,9.4,6.12,6.83
OF072522,Cage 7,3526753,Batch 1,Phase 1,3,9:15:39 AM,300,Open Field Zones.szm,Corner,90.33,76.5,59.51,68.33,42,31,24,16,8.06,8.06,20.11,20.11,117.87,82.2,39.65,62.93,12.7,7.62,1.27,1.27,21.59,12.7,2.54,6.35,322,252,157,202,301,233,150,190,19.86,19.86,19.86,19.86,12,12,12,12,70.47,56.64,39.66,48.47,54,42,33,28,8.57,8.63,4.94,3.8,274.35,,,,0,0,0,0,2.16,1.8,0.75,1.42,12,11,5,7,21,19,7,12,84,76,31,52,11,11,11,11,21,21,21,21,6.36,6.36,6.36,6.36,0,0,0,0,0,0,0,0,6.68,5.76,4.89,5.2,18.03,17.57,12.8,17.57,7.07,5.51,6.14,6.16
OF072522,Cage 7,3526753,Batch 1,Phase 1,3,9:15:39 AM,300,Open Field Zones.szm,Center,111.55,100.91,87.03,96.61,46,36,35,21,0,0,0,0,457.84,415.1,362.69,407.51,114.3,104.46,100.01,103.82,64.14,57.79,52.71,62.87,548,493,413,481,540,485,409,475,19.45,17.14,17.14,18.42,13,11,11,12,92.09,83.77,69.89,78.19,59,47,44,33,17.34,15.04,10.33,9.54,32.32,32.87,29.94,29.55,3,2,2,2,1.06,1.06,0.69,1.05,3,3,1,2,8,8,4,6,83,77,57,73,4,4,4,4,5,5,5,5,0.81,0.81,0.81,0.81,1,1,1,1,0,0,0,0,11.38,11.64,11.17,11.9,22.95,23.76,23.4,25.48,13.81,18.64,16.73,11.56
OF072522,Cage 7,3526753,Batch 1,Phase 1,4,9:20:39 AM,300,Open Field Zones.szm,Periphery,140.28,119.33,93.03,116.45,77,65,72,38,3.14,3.98,3.98,3.98,409.71,335.23,269.1,341.17,63.82,46.36,36.2,54.29,163.51,157.16,145.1,158.43,685,574,425,550,663,555,414,528,26.7,23.41,22.3,22.3,17,14,13,13,113.58,95.92,70.73,94.16,94,78,84,51,21.71,18.45,15.59,13.51,38.36,48.83,31.9,19.06,1,1,1,1,2.84,2.83,1.25,2.83,11,9,6,11,22,19,11,22,179,156,103,170,9,9,11,9,18,18,17,18,5.55,5.55,2.88,5.2,0,0,0,0,0,0,0,0,10.28,8.9,9.55,9.4,27.42,18.9,22.27,20.55,14.41,15.09,16.6,16.38
OF072522,Cage 7,3526753,Batch 1,Phase 1,4,9:20:39 AM,300,Open Field Zones.szm,Corner,72.31,58.64,47.18,56.05,36,23,25,17,8.06,8.06,20.11,20.11,117.54,79.01,44.52,61.45,19.37,10.48,4.13,4.13,18.1,9.21,5.4,7.94,288,211,155,210,264,186,141,191,14.44,13.33,10.03,12.13,10,9,6,8,57.87,45.32,37.15,43.92,45,29,30,25,7.76,5.16,4.61,3.63,80.08,144.54,,,1,0,0,0,4.58,4.63,2.88,3.99,9,9,5,7,24,25,14,19,83,68,41,68,11,10,10,10,16,15,15,15,4.2,3.17,3.17,3.48,0,0,0,0,0,0,0,0,6.27,6.15,4.9,5.73,11.58,12.45,10.02,10.35,5.52,6.57,4.77,5.94
OF072522,Cage 7,3526753,Batch 1,Phase 1,4,9:20:39 AM,300,Open Field Zones.szm,Center,137.54,122.03,112.55,124.92,46,43,52,26,0,0,0,0,391.54,354.17,314.19,355.59,71.76,70.49,59.37,67.63,56.2,53.02,50.48,51.75,590,516,435,530,574,504,427,516,27.38,26.27,26.27,27.38,19,18,18,19,110.16,95.76,86.28,97.55,65,59,68,45,20.13,15.96,17.7,14.23,32.56,22.6,22.57,34.12,0,0,0,0,1.75,1.19,0.63,1.72,9,7,5,7,16,12,8,14,148,119,61,117,5,4,4,4,9,8,8,8,1.64,1.64,1.64,1.64,2,1,3,1,0,1,0,0,10.8,10.98,10.73,10.45,31.2,24.74,21.53,23.67,11.76,15,14.58,11.94
OF072522,Cage 8,3526032,Batch 1,Phase 1,1,9:06:49 AM,300,Open Field Zones.szm,Periphery,139.89,126.04,118.6,132.25,70,80,73,50,0.19,0.19,0.19,0.19,553.45,512.48,461.39,515.67,183.2,173.36,159.07,178.75,211.46,206.38,195.9,204.79,834,774,681,772,791,731,650,731,22.2,20.06,20.06,22.2,13,12,12,13,117.69,105.97,98.54,110.05,81,91,84,61,18.13,19.55,18.28,16.31,47.48,36.47,27.84,34.21,1,1,1,1,2.63,3.5,2.58,2.47,17,16,14,16,43,43,31,41,392,330,289,361,12,12,12,12,14,14,14,14,4.39,4.39,4.39,4.39,1,1,1,1,3,3,2,4,11.51,11.57,11.41,11.33,37.99,37.99,37.99,37.99,15.35,14.98,13.63,16.23
OF072522,Cage 8,3526032,Batch 1,Phase 1,1,9:06:49 AM,300,Open Field Zones.szm,Corner,85.57,80.52,70.69,75.09,45,47,37,28,0,0,0,0,161.87,122.09,101.67,119.68,51.12,36.83,30.16,31.43,54.29,46.36,42.55,47.94,359,306,257,306,330,280,233,277,24.55,24.55,22.41,22.41,12,12,11,11,60.84,55.78,48.09,52.5,56,58,47,38,10.21,9.97,7.95,7.34,259.28,248.2,,,0,1,1,1,3.3,2.99,2.99,3.3,11,10,10,11,29,26,24,29,98,86,71,94,11,11,11,11,15,15,15,15,2.53,2.53,2.53,2.53,0,0,0,0,0,0,0,0,8.15,6.86,6.93,7.27,24.89,20.94,22.16,20.94,10.38,7.92,6.01,12.7
OF072522,Cage 8,3526032,Batch 1,Phase 1,1,9:06:49 AM,300,Open Field Zones.szm,Center,96.22,93.45,89.42,92.63,31,32,32,22,0.2,0.2,0.2,0.2,295.93,281.73,261.17,279.93,72.5,72.5,69.32,72.5,92.71,90.17,88.9,90.17,501,468,432,472,479,446,410,450,17.47,17.47,17.47,17.47,11,11,11,11,78.75,75.98,71.95,75.16,42,43,43,33,13.17,13.52,14.25,12.78,63.91,53.31,55.73,61.73,1,1,3,2,1.49,1.49,1.49,1.49,10,10,10,10,22,22,22,22,160,142,125,159,1,1,1,1,0,0,0,0,0,0,0,0,0,0,0,1,0,0,0,0,9.46,9.18,9.22,9,20.43,20.05,20.12,20.05,13,9.96,15.56,15
OF072522,Cage 8,3526032,Batch 1,Phase 1,2,9:11:49 AM,300,Open Field Zones.szm,Periphery,135.24,122.88,110.89,122.56,64,66,58,39,0.19,0.19,0.19,0.19,469.2,408.77,335.45,407.03,153.99,152.72,133.67,145.1,113.03,99.7,85.73,99.06,648,564,464,553,630,546,446,535,39.86,39.86,38.84,39.86,24,24,23,24,95.38,83.02,72.05,82.7,89,89,79,64,18.86,14.9,12.7,13.8,76.88,79.03,74.83,65.91,1,1,1,1,2.63,2.63,2.63,2.63,8,8,8,8,18,18,18,18,124,97,79,109,10,10,10,10,15,15,15,15,4.37,4.37,4.37,4.37,1,0,0,1,1,1,2,1,10.64,10.23,10.19,10.17,24.36,26.06,24.74,26.06,14.76,15.03,14.29,12.34
OF072522,Cage 8,3526032,Batch 1,Phase 1,2,9:11:49 AM,300,Open Field Zones.szm,Corner,76.22,70.84,64.37,71.9,32,28,23,18,0,0,0,0,124.4,90.1,62.17,87.16,25.4,11.75,10.48,15.24,29.53,19.37,11.43,17.78,247,198,162,206,234,185,150,193,27.85,27.85,27.85,27.85,16,16,16,16,48.38,43,36.53,44.06,48,43,37,34,9.92,7.81,7.03,7.08,,,,,2,1,1,2,1.74,1.74,1.72,1.74,6,6,6,6,13,13,12,13,54,52,42,51,13,13,13,13,14,14,14,14,3.66,3.66,3.66,3.66,0,0,0,0,0,0,0,0,7.02,6.07,5.44,5.82,16.75,16.75,17.96,17.96,8.97,4.99,5.31,6.77
OF072522,Cage 8,3526032,Batch 1,Phase 1,2,9:11:49 AM,300,Open Field Zones.szm,Center,113.42,106.28,100.39,105.16,37,39,42,23,0.2,0.2,0.2,0.2,458.99,417.16,384.66,416.35,105.09,99.7,99.7,102.55,111.13,107.32,101.92,108.27,693,641,585,646,672,620,564,625,14.09,13.08,13.08,13.08,10,9,9,9,99.33,93.2,87.31,92.08,47,48,51,32,15.11,14.49,14.68,14.07,59.57,69.84,60.94,60.19,0,0,1,0,0.77,0.77,0.77,0.77,9,9,9,9,21,21,21,21,294,277,252,290,0,0,0,0,0,0,0,0,0,0,0,0,4,4,4,4,0,0,0,0,11.51,11.15,10.45,10.97,29.35,29.35,25.78,29.35,23.55,12.78,12.52,12.78
OF072522,Cage 8,3526032,Batch 1,Phase 1,3,9:16:49 AM,300,Open Field Zones.szm,Periphery,140.95,123.18,109.63,126.67,60,70,71,40,0.19,0.19,0.19,0.19,483.17,421.98,353.91,424.89,153.35,137.8,119.38,144.15,153.67,139.38,120.33,133.03,649,560,462,566,627,537,441,544,29.58,26.69,24.98,29.55,17,15,14,17,111.38,96.5,84.64,97.13,77,83,84,57,23.55,17.34,16.75,13.95,54.5,50.01,47.14,43.28,2,1,1,2,3.59,4.42,2.56,3.59,10,10,10,10,22,23,21,22,173,131,85,142,9,9,9,9,12,12,12,12,2.24,2.24,2.24,2.24,2,2,2,2,1,0,0,0,9.87,9.55,9.09,9.49,21.33,23.18,24.22,24.71,18.59,16.29,15.94,15.52
OF072522,Cage 8,3526032,Batch 1,Phase 1,3,9:16:49 AM,300,Open Field Zones.szm,Corner,66.66,57.86,51.03,56.41,40,31,25,21,0,0,0,0,124.81,86.01,56.63,76.85,35.88,22.86,8.89,14.92,34.61,20.64,15.56,20.64,270,205,146,192,260,195,139,184,15.61,13.94,13.94,13.94,11,10,10,10,51.05,43.92,37.09,42.47,51,41,34,31,10.37,9.38,7.87,6.26,208.41,,,,0,0,0,0,1.48,1.48,0.98,1.12,6,6,5,5,10,10,7,8,47,29,16,28,7,7,7,7,10,10,10,10,3.2,3.2,3.2,3.2,0,0,0,0,0,0,0,0,7.45,6.13,5.08,5.86,15.39,13.4,10.97,12.26,10.37,9.48,5.15,5.74
OF072522,Cage 8,3526032,Batch 1,Phase 1,3,9:16:49 AM,300,Open Field Zones.szm,Center,126.24,118.96,108.02,115.85,42,38,34,21,0.2,0.2,0.2,0.2,437.28,402.83,371.02,404.92,94.93,89.54,87.95,91.12,108.59,102.24,93.03,108.59,628,578,514,575,603,557,491,550,30.53,28.83,25.94,25.97,16,15,13,13,95.71,90.13,82.08,89.88,59,54,48,35,15.84,13.97,13.9,13.04,59.13,60.02,55.11,54.42,2,2,2,2,2.89,2.73,2.86,2.89,9,8,9,9,25,21,23,25,220,202,177,205,3,3,3,3,4,4,4,4,0.05,0.05,0.05,0.05,0,0,0,0,1,1,1,1,11.08,11.11,10.66,10.64,23.05,24.17,25.16,23.94,19.37,14.87,11.72,17.52
OF072522,Cage 8,3526032,Batch 1,Phase 1,4,9:21:49 AM,300,Open Field Zones.szm,Periphery,108.89,93.37,81.58,95.27,47,51,53,33,0.19,0.19,0.19,0.19,304.67,265.18,224.54,274.41,54.61,47.31,38.42,49.53,122.56,115.25,106.36,111.44,425,366,307,368,411,352,294,354,32.29,25.5,23.62,27.3,19,17,16,17,76.6,67.88,57.96,67.97,66,68,67,49,14.42,14.34,11.17,11.68,35.37,17.48,20.1,23.65,1,3,1,1,2.63,2.63,2.42,2.63,6,6,6,6,14,14,13,14,89,67,51,83,6,6,6,6,7,7,7,7,1.56,1.56,1.56,1.56,0,0,1,0,0,0,0,0,9.15,8.84,8.73,9.19,16.85,18.77,16.49,23.77,13.63,14.17,11.83,14.95
OF072522,Cage 8,3526032,Batch 1,Phase 1,4,9:21:49 AM,300,Open Field Zones.szm,Corner,62.39,57.26,46.53,52.8,26,24,19,16,0,0,0,0,71.53,51.91,37.22,50.69,20.32,16.51,12.07,12.07,12.7,7.62,6.35,8.89,163,131,94,120,158,126,89,115,30.23,30.23,23.44,26.56,12,12,10,11,32.16,27.02,23.09,26.23,36,34,27,25,6.36,6.16,4.25,2.28,,,,,0,0,0,0,1.41,1.41,1.41,1.41,3,3,3,3,5,5,5,5,18,15,11,18,8,8,8,8,14,14,14,14,6.74,6.74,6.74,6.74,0,0,0,0,0,0,0,0,5.51,5.59,5.24,5.6,12.03,10.86,10.68,11.77,6.37,5.66,4.78,4.67
OF072522,Cage 8,3526032,Batch 1,Phase 1,4,9:21:49 AM,300,Open Field Zones.szm,Center,157.5,149.37,144.58,151.91,33,28,29,18,0.2,0.2,0.2,0.2,397.18,375.27,350.47,367.26,94.3,89.22,86.36,91.44,86.04,82.23,76.2,84.77,616,567,530,574,594,546,509,552,51.3,49.53,49.53,51.3,25,24,24,25,106.09,99.84,95.05,100.5,57,52,53,42,18.92,15.71,15.76,15.98,53.57,57.92,53.98,54.92,2,3,1,2,1.73,1.62,1.62,1.73,11,11,11,11,22,21,21,22,189,177,155,188,4,4,4,4,7,7,7,7,1.55,1.55,1.55,1.55,2,2,2,2,0,0,0,0,9.35,9.41,9.28,9.62,21.32,23.73,23.73,23.73,11.94,10.21,10.39,10.53
OF072522,Cage 9,3526113,Batch 1,Phase 1,1,9:07:11 AM,300,Open Field Zones.szm,Periphery,155.25,144.32,129.31,139.74,93,97,93,54,0,0,0,0,604.48,541.99,460.2,532.61,195.9,183.83,164.78,180.66,229.24,215.9,189.55,217.49,1099,998,841,971,1062,963,815,936,29.17,29.17,28.14,28.14,21,21,20,20,125.45,114.52,100.55,110.97,114,118,113,74,24.03,21.2,19.24,16.65,39.02,24.87,24.51,29.79,2,1,1,1,3.98,3.36,2.39,3.16,15,14,11,14,37,35,26,35,517,432,340,428,12,12,12,12,16,16,16,16,5.47,5.47,5.47,5.47,3,4,4,3,2,2,1,2,12.44,13.1,12.34,12.97,25.59,26.75,24.91,31.38,20.27,20.3,17.1,21.88
OF072522,Cage 9,3526113,Batch 1,Phase 1,1,9:07:11 AM,300,Open Field Zones.szm,Corner,119.08,106.09,97.61,111.58,67,72,70,39,13.52,13.52,13.52,13.52,257.86,186.27,141.81,196.01,49.53,32.07,23.18,35.24,76.2,49.85,36.51,48.26,613,497,396,520,589,476,379,497,32.11,31.07,31.07,32.11,21,20,20,21,86.98,75.02,66.54,79.47,87,91,87,59,13.58,13.25,10.86,9.27,122.41,78.58,,96.91,1,1,1,1,1.94,2.47,1.55,1.89,11,9,8,10,24,21,17,23,168,135,103,152,16,16,16,16,24,24,24,24,7.28,7.28,7.28,7.28,0,0,0,0,1,2,0,0,10.08,8.49,8.09,9.41,26.77,20.24,23.48,30.74,13.77,9.6,10.75,10.36
OF072522,Cage 9,3526113,Batch 1,Phase 1,1,9:07:11 AM,300,Open Field Zones.szm,Center,51.84,49.59,47.14,48.48,30,26,24,17,0.63,0.63,0.63,0.63,249.62,234.64,216.62,233.39,76.62,75.04,71.86,75.04,82.44,79.59,79.59,79.59,389,361,328,353,379,351,318,343,8.86,8.86,8.86,8.86,7,7,7,7,42.98,40.73,38.28,39.62,37,33,31,24,10.19,9.78,9.52,9.41,36.68,39.93,29.55,28.05,2,2,2,2,2.3,2.3,2.3,2.3,4,4,4,4,10,10,10,10,157,144,131,149,3,3,3,3,6,6,6,6,1.25,1.25,1.25,1.25,0,0,0,0,1,1,1,1,13.78,14.16,13.82,13.75,22.62,22.62,22.62,22.62,19.09,22.28,18.68,22.28
OF072522,Cage 9,3526113,Batch 1,Phase 1,2,9:12:11 AM,300,Open Field Zones.szm,Periphery,170.25,152.88,140.11,154.66,71,83,66,42,0,0,0,0,443.42,364.09,302.36,368.39,103.82,93.03,77.79,88.58,143.51,124.14,108.59,125.73,760,663,561,656,732,640,543,630,51.01,49.79,48.4,49.79,29,28,27,28,119.24,103.08,91.71,104.86,99,110,92,70,20.14,16.58,14.42,15.23,21.97,23.19,24.89,31.08,2,1,0,0,3.93,3.66,3.3,3.71,15,13,11,14,28,23,18,26,259,208,145,216,10,10,10,10,13,13,13,13,2.64,2.64,2.64,2.64,1,0,1,1,2,2,1,2,10.56,9.4,9.4,10.43,27.97,26.91,26.91,27.97,13.01,10.03,10.48,13.18
OF072522,Cage 9,3526113,Batch 1,Phase 1,2,9:12:11 AM,300,Open Field Zones.szm,Corner,75.42,68.31,61.09,68.92,27,36,30,19,13.52,13.52,13.52,13.52,111.93,75.85,39.97,67.83,19.05,10.8,5.08,9.53,32.39,23.5,14.61,15.88,291,231,174,237,278,223,168,225,26.19,24.8,23.58,24.8,15,14,13,14,49.23,43.51,37.51,44.12,42,49,42,33,8.78,7.62,7.05,4.03,,,,,0,0,0,0,0.64,0.85,0.74,0.58,7,5,4,6,13,8,6,12,48,25,13,44,13,13,13,13,20,20,20,20,12.31,12.31,12.31,12.31,0,0,0,0,0,0,0,0,7.31,5.34,4.92,6.08,22.01,22.01,25.84,25.84,8.18,5.33,4.66,6.26
OF072522,Cage 9,3526113,Batch 1,Phase 1,2,9:12:11 AM,300,Open Field Zones.szm,Center,85.05,78.81,68.66,75.29,48,46,40,24,0.63,0.63,0.63,0.63,384.11,353.34,309.89,351.75,116.52,109.54,104.46,115.25,73.34,65.41,54.93,70.17,600,539,473,531,580,524,458,516,3.72,3.72,3.72,3.72,3,3,3,3,81.33,75.09,64.94,71.57,52,50,44,28,16.62,13.44,11.12,12.19,31.15,34.39,47.7,44.69,2,1,1,1,2,1.59,1.59,1.59,12,9,9,9,20,15,15,15,255,206,181,219,0,0,0,0,0,0,0,0,0,0,0,0,1,1,2,1,1,2,1,1,12.75,12.5,13.01,13.17,22.1,22.1,27.4,23.53,24.56,17.76,18.75,14.37
OF072522,Cage 9,3526113,Batch 1,Phase 1,3,9:17:11 AM,300,Open Field Zones.szm,Periphery,176.69,152.46,141.84,156.01,62,59,80,40,0,0,0,0,457.59,403.55,343.52,412.18,163.2,144.46,132.4,163.2,138.11,124.46,116.52,127.95,773,690,570,688,736,655,544,657,57.19,47.41,47.41,50.74,30,27,27,28,119.5,105.05,94.43,105.28,90,86,105,67,17.31,16.75,14.82,12.36,41.36,34.62,44.57,39.63,1,0,0,0,6.98,6.92,4.78,6.14,19,18,13,16,37,35,26,31,269,226,151,234,20,20,20,20,36,36,36,36,11.64,11.64,11.64,11.64,0,1,0,0,3,2,2,3,11.2,10.71,9.58,10.57,22.84,23.45,23.88,26.63,14.38,13.56,10.61,11.86
OF072522,Cage 9,3526113,Batch 1,Phase 1,3,9:17:11 AM,300,Open Field Zones.szm,Corner,113.47,107.22,85.2,102.39,47,37,39,25,13.52,13.52,13.52,13.52,133.14,96.4,62.31,89.44,33.34,22.54,12.07,12.07,36.2,31.12,21.59,24.13,334,267,186,254,312,247,170,233,53.75,53.75,43.97,50.42,28,28,25,27,59.73,53.47,41.24,51.97,73,62,61,50,9.97,7.08,8.81,4.55,36.87,,,,0,0,0,0,4.45,4.25,2.64,4.16,13,12,10,13,22,20,16,21,47,35,23,39,18,18,18,18,28,28,28,28,12.69,12.69,12.69,12.69,0,0,0,0,0,0,0,0,7.46,6.66,6.99,6.75,15,14.47,22.25,16.6,10.3,7.08,5.57,8.18
OF072522,Cage 9,3526113,Batch 1,Phase 1,3,9:17:11 AM,300,Open Field Zones.szm,Center,45.16,40.33,38.11,41.42,38,22,23,16,0.63,0.63,0.63,0.63,244.93,214.98,195.04,212.32,43.82,40.96,32.7,32.7,100.01,95.25,91.12,98.74,384,330,291,331,376,324,285,323,10.7,10.7,10.7,10.7,6,6,6,6,34.45,29.62,27.41,30.72,44,28,29,22,6.39,4.83,4.72,4.75,32.85,35.02,35.35,32.81,0,1,1,1,1.05,0.85,0.85,1.05,3,2,2,3,8,6,6,8,117,98,83,109,0,0,0,0,0,0,0,0,0,0,0,0,1,1,0,0,0,0,0,0,16.98,15.23,15.32,15.14,32.84,25.34,25.64,25.64,23.56,20.4,20.24,23.51
OF072522,Cage 9,3526113,Batch 1,Phase 1,4,9:22:11 AM,300,Open Field Zones.szm,Periphery,172.75,157.53,142.04,160.22,64,69,74,44,0,0,0,0,537.9,475.43,395.88,472.88,135.26,125.73,109.22,126.05,226.38,207.33,180.02,202.57,789,708,574,717,763,684,554,693,51.58,48.44,48.44,49.48,28,26,26,27,121.17,109.1,93.61,110.73,90,94,99,70,21.14,17.44,17.01,15.86,28.94,24.26,19.65,29.81,1,1,2,1,4.52,4.22,3.39,3.72,9,8,7,9,26,24,20,24,227,174,123,205,12,12,12,12,17,17,17,17,6.94,6.94,6.94,6.94,1,1,1,1,2,2,2,2,11.48,11.28,11.07,11.63,28.21,27.2,27.2,31.67,15.54,15.49,17.1,24.27
OF072522,Cage 9,3526113,Batch 1,Phase 1,4,9:22:11 AM,300,Open Field Zones.szm,Corner,99.44,87.5,79.3,88.45,47,38,32,23,13.52,13.52,13.52,13.52,153.89,100.25,66.17,101.76,26.04,12.07,7.62,13.02,64.45,47.94,32.7,41.91,379,271,197,262,372,266,193,257,35.57,35.57,33.43,35.52,18,18,17,18,63.87,51.93,45.87,52.94,65,56,48,41,10.97,8.23,7.42,4.63,56.95,,,182.76,0,0,0,1,0.75,0.47,0.31,0.47,4,3,2,3,7,5,4,5,41,21,14,28,18,18,18,18,35,35,35,35,14.11,14.11,14.11,14.11,1,0,0,0,0,0,0,0,7.67,6.61,4.84,6.3,17.35,13.9,11.64,20.17,5.06,11.58,9.08,7.79
OF072522,Cage 9,3526113,Batch 1,Phase 1,4,9:22:11 AM,300,Open Field Zones.szm,Center,59.15,54.97,47.96,51.16,39,32,32,22,0.63,0.63,0.63,0.63,330.61,296.36,267.97,296.4,63.5,57.15,52.07,55.88,124.14,112.08,108.27,122.87,468,418,367,402,461,411,360,395,9.55,9.55,8.55,8.55,5,5,4,4,49.6,45.42,39.41,42.61,44,37,36,26,10.24,8.6,7.42,8.69,34.44,37.46,17.64,36.38,1,2,1,1,0.56,0.56,0.56,0.56,3,3,3,3,7,7,7,7,159,125,99,125,0,0,0,0,0,0,0,0,0,0,0,0,0,0,0,0,2,2,1,1,15.56,14.55,14.81,15.03,29.02,29.02,28.75,29.02,22.54,16.74,23.1,24.55
OF072522,Cage 10,3526086,Batch 1,Phase 1,1,9:07:48 AM,300,Open Field Zones.szm,Periphery,159.89,132.07,110.24,132.8,112,97,103,67,2.53,2.53,2.53,2.53,624.17,525.5,435.48,542.31,142.88,122.56,115.25,133.35,186.37,171.13,150.5,174.63,1098,941,778,944,1070,914,756,918,17.08,14.67,14.67,14.7,13,11,11,11,142.82,117.4,95.57,118.09,123,106,112,78,26.81,24.84,21.29,19.98,48.12,65.15,19.5,36.4,1,0,0,0,3.52,3.61,2.08,3.37,13,12,9,12,28,27,22,26,349,291,195,281,8,5,5,5,6,5,5,5,1.14,1.14,1.14,1.14,2,2,2,2,4,3,3,4,10.77,11.25,11.4,11.24,18.7,22.3,25.55,20.43,14.88,17.01,14.62,19.32
OF072522,Cage 10,3526086,Batch 1,Phase 1,1,9:07:48 AM,300,Open Field Zones.szm,Corner,132.32,113.73,101.56,117.92,77,64,72,48,3.14,3.14,3.14,3.14,212.71,154.86,101.43,140.89,38.42,33.34,18.73,23.18,45.4,29.85,20.96,26.35,632,496,368,500,588,461,336,459,16.02,16.02,14.88,15.98,12,12,11,12,116.31,97.72,86.69,101.94,89,76,82,60,20.28,14.55,14.99,11.39,113.86,,,151.86,0,2,0,0,6.91,5,5.49,6.16,16,15,12,16,44,35,32,41,196,140,87,166,15,15,18,15,22,22,22,22,7.01,7.01,6.62,7.01,0,0,0,0,0,0,0,0,7.1,6.06,4.68,5.52,18.14,17.37,8.28,11.94,7.73,6.48,5.31,5.28
OF072522,Cage 10,3526086,Batch 1,Phase 1,1,9:07:48 AM,300,Open Field Zones.szm,Center,58.75,54.2,38.54,49.28,37,34,39,18,0,0,0,0,295.32,263.14,217.91,260.29,76.52,74.3,68.58,73.66,70.17,65.09,58.74,65.09,442,390,288,372,427,375,279,358,3.74,3.74,2.47,3.74,3,3,2,3,55.02,50.47,36.07,45.55,41,38,42,22,9.79,9.16,7.83,7.93,21.36,21.79,20.28,20.26,0,0,0,0,4.11,4.11,2.13,3.22,5,5,3,4,15,15,9,14,130,121,71,124,1,1,1,1,0,0,0,0,0.22,0.22,0.22,0.22,0,0,0,0,1,1,1,1,14.49,14.27,14.29,14.07,22.28,22.26,22.36,23.33,18.34,17.49,25.62,20.51
OF072522,Cage 10,3526086,Batch 1,Phase 1,2,9:12:48 AM,300,Open Field Zones.szm,Periphery,141.36,114.41,87.62,109.37,133,107,83,51,2.53,2.53,2.53,2.53,389.89,308.21,234.58,313.1,73.03,58.74,48.58,61.6,84.14,72.07,61.28,73.98,889,682,509,680,852,650,486,654,19.55,17.99,15.14,16.52,13,12,10,11,121.82,96.42,72.48,92.86,146,118,93,62,20.75,18.91,13.7,11.45,49.5,41.78,53.54,49.02,0,0,0,0,5.38,4.94,3.3,3.37,15,12,8,10,37,32,23,26,292,206,135,211,9,5,5,5,8,5,5,5,0.61,0.59,0.59,0.59,0,0,0,0,0,0,1,0,10.16,9.67,10.27,9.58,22.06,26.05,23.42,22.65,16.16,13.21,16.11,13.41
OF072522,Cage 10,3526086,Batch 1,Phase 1,2,9:12:48 AM,300,Open Field Zones.szm,Corner,118.29,100.17,85.7,102.67,51,52,64,30,3.14,3.14,3.14,3.14,138.47,91.35,68,88.56,16.51,7.62,3.81,5.08,24.77,15.24,11.11,13.65,503,373,263,391,469,347,243,361,35.55,32.7,31.14,34.17,25,23,22,24,82.74,67.47,54.56,68.5,76,71,81,53,11.22,13.42,12.83,6.06,,,,,1,0,0,0,5.05,4.48,3.83,4.37,15,12,8,13,34,26,20,30,163,128,61,130,16,16,20,16,26,26,26,26,8.19,8.19,7.5,8.19,0,0,0,0,0,0,0,1,7.64,6.49,5.16,6.25,22.52,16.54,15.07,25.23,5.81,6.87,5.78,6.72
OF072522,Cage 10,3526086,Batch 1,Phase 1,2,9:12:48 AM,300,Open Field Zones.szm,Center,96.1,85.42,72.94,86.11,56,58,70,27,0,0,0,0,355.15,320.36,262.02,312.9,53.34,49.53,39.05,46.67,63.18,61.91,53.98,60.33,750,662,533,675,723,638,513,648,9.58,9.58,9.58,9.58,6,6,6,6,86.52,75.84,63.36,76.53,62,64,75,33,12.2,13.49,13.33,9.23,30.2,29.84,30.06,30.71,0,1,1,2,3.17,2.95,2.66,3.17,12,9,8,12,27,24,20,27,380,309,209,347,0,0,0,0,0,0,0,0,0,0,0,0,1,0,0,1,2,2,1,2,12.18,12.48,12.16,12.4,19.48,20.1,21.14,20.32,16.29,17.82,19.08,18.83
OF072522,Cage 10,3526086,Batch 1,Phase 1,3,9:17:48 AM,300,Open Field Zones.szm,Periphery,149.25,119.05,93.81,118.11,97,101,80,42,2.53,2.53,2.53,2.53,309.29,231.97,166.26,226.52,57.47,51.12,42.86,44.13,36.2,31.12,25.4,28.26,714,540,389,522,675,503,365,489,32.2,30.12,28.39,28.53,18,17,16,16,117.05,88.92,65.42,89.58,113,116,93,58,24.26,21.09,15.85,11.61,72.56,88.97,44.26,72.21,0,0,0,0,3.91,3.83,2.53,3.27,18,14,7,14,39,37,24,33,211,127,91,154,9,9,9,9,12,12,12,12,1.75,1.59,1.59,1.59,2,2,2,2,0,0,0,0,9.46,8.52,10.31,8.56,42.87,42.87,42.87,42.87,10.45,9.13,8.74,11.51
OF072522,Cage 10,3526086,Batch 1,Phase 1,3,9:17:48 AM,300,Open Field Zones.szm,Corner,51.92,40.31,32.94,42.28,42,30,20,14,3.14,3.14,3.14,3.14,67.57,39.34,18.15,33.58,5.08,1.27,0,2.54,4.45,1.59,1.59,3.18,246,150,97,149,224,132,81,132,12.67,11.02,9,12.67,6,5,4,6,39.25,29.3,23.94,29.61,48,35,24,20,6.17,5.89,5.29,2.84,,,,,0,0,0,0,3.55,3.23,3.06,3.08,11,8,8,8,22,18,16,17,60,35,25,41,7,7,7,7,11,11,11,11,2.64,2.64,2.64,2.64,0,0,0,0,0,0,0,0,10.55,7.11,5.11,7.08,33.35,19.54,24.44,26.05,13.77,3.76,3.43,7.91
OF072522,Cage 10,3526086,Batch 1,Phase 1,3,9:17:48 AM,300,Open Field Zones.szm,Center,156.86,140.64,117.82,138.25,64,72,76,33,0,0,0,0,448.09,397.88,341.74,403.18,119.38,113.67,108.59,118.11,76.2,73.34,68.26,74.61,875,762,631,787,845,736,613,761,25.16,25.16,25.1,25.1,18,18,18,18,131.7,115.48,92.72,113.16,82,86,88,51,16.78,18.64,16.27,13.29,57.78,54.23,54.39,53.49,2,2,1,1,3.47,3.39,3.91,3.39,15,13,9,13,30,26,18,26,355,312,215,298,5,5,5,5,9,9,9,9,0.75,0.75,0.63,0.75,2,1,0,1,0,0,0,0,10.05,10.06,11.77,11.06,27.07,20.76,21.18,21.52,16.3,15.38,17.11,16.3
OF072522,Cage 10,3526086,Batch 1,Phase 1,4,9:22:48 AM,300,Open Field Zones.szm,Periphery,174.87,143.46,115.02,139.1,104,100,90,50,2.53,2.53,2.53,2.53,539.52,442.91,353.52,444.39,130.81,103.82,85.73,102.24,159.07,133.35,112.71,141.29,1043,886,691,872,1008,855,669,838,27.7,25.6,20.35,23.63,18,16,13,16,147.06,117.86,94.67,115.36,121,115,103,65,25.24,19.7,18.77,14.64,57.61,43.91,45.05,46.31,0,0,0,0,4.69,3.69,2.85,4.02,15,13,8,14,35,31,22,34,350,266,173,308,9,8,8,8,17,16,16,16,3.33,3.33,3.33,3.33,2,1,1,2,3,2,1,3,10.98,11.95,11.61,11.73,28.54,28.53,28.53,28.53,14.12,16.29,20.15,16.27
OF072522,Cage 10,3526086,Batch 1,Phase 1,4,9:22:48 AM,300,Open Field Zones.szm,Corner,102,82.08,71.08,85.39,59,47,48,26,3.14,3.14,3.14,3.14,156.19,95.93,57.08,76.21,25.4,15.88,5.08,6.35,46.36,26.99,14.29,15.56,486,343,251,346,472,327,241,335,19.94,17.69,17.69,17.69,15,13,13,13,82.07,64.39,53.39,67.71,73,59,57,39,11.36,12.02,9.51,6.86,148.38,,,,1,1,0,0,4.22,4.27,2.25,3.74,6,7,5,5,14,16,10,11,88,69,34,67,17,17,17,17,25,25,25,25,8.06,8.06,7.39,8.06,0,0,0,0,0,0,0,0,7.67,6.83,4.85,6.03,17.52,12.87,8.85,11.82,7.62,8.87,6.39,7.43
OF072522,Cage 10,3526086,Batch 1,Phase 1,4,9:22:48 AM,300,Open Field Zones.szm,Center,85.26,74.47,54.04,74.04,56,53,56,31,0,0,0,0,360.23,325.47,267.72,331.2,118.43,109.86,93.66,117.16,56.2,52.39,39.37,52.39,630,546,440,539,615,534,435,527,9.95,6.95,4.73,8.81,6,5,3,5,75.31,67.51,49.31,65.23,62,58,59,35,11.47,11.2,10.7,11.82,36.7,36.36,31.43,35.26,0,0,0,0,2.17,2.11,0.2,2.11,6,5,2,5,15,12,5,12,205,159,125,168,1,1,1,1,1,1,1,1,0.19,0.19,0.19,0.19,3,2,2,3,0,0,0,0,12.47,13.41,13.94,12.8,25.76,26.41,26.52,26.76,18.9,17.53,19.31,21.26
OF072522,Cage 11,3526059,Batch 1,Phase 1,1,9:08:00 AM,300,Open Field Zones.szm,Periphery,153.01,138.12,129.28,138.62,73,67,66,43,0,0,0,0,547.14,486.39,424.86,494.18,154.94,143.83,133.03,147.32,236.54,213.68,190.82,216.85,843,763,668,758,817,737,642,732,26.81,24.55,23.39,24.53,17,15,14,15,126.2,113.58,105.9,114.09,91,82,80,59,18.92,19.1,18.27,14.99,36.37,37.44,35.49,38.86,1,1,1,1,3.69,3.69,3.69,3.69,11,11,11,11,26,26,26,26,395,333,276,366,11,11,11,11,16,16,16,16,4.11,4.11,4.11,4.11,1,1,1,1,1,0,0,1,11.63,11.69,11.77,12.19,26.75,27.34,27.21,27.16,18.17,15.62,14.23,16.21
OF072522,Cage 11,3526059,Batch 1,Phase 1,1,9:08:00 AM,300,Open Field Zones.szm,Corner,137.06,130.46,117.77,129.83,52,48,59,33,4.81,4.81,4.81,4.81,199.73,154.58,109.59,144.66,48.9,40.64,32.07,35.88,63.18,45.72,25.72,38.42,512,435,348,439,451,376,299,379,41.35,40.19,37.92,40.2,30,29,27,29,95.71,90.27,79.84,89.63,80,75,82,61,12.19,10.85,12.3,7.33,91.77,37.74,37.74,99.04,2,2,1,2,12.77,12.78,12.07,12.77,22,22,19,22,61,59,49,60,214,164,116,182,13,13,13,13,24,24,24,24,6.33,6.33,6.33,6.33,0,0,0,0,0,0,0,0,8.49,7.74,6.52,7.05,19.52,19.66,12.06,21.46,10.79,9.18,8.73,9.18
OF072522,Cage 11,3526059,Batch 1,Phase 1,1,9:08:00 AM,300,Open Field Zones.szm,Center,34.08,31.42,29.22,31.07,21,19,14,13,1.05,1.05,1.05,1.05,162.76,144.58,128.82,144.81,23.18,20.64,18.1,21.91,58.74,53.34,50.48,57.47,256,229,206,224,246,219,196,214,1.03,1.03,1.03,1.03,1,1,1,1,33.05,30.39,28.19,30.03,22,20,15,14,6.33,6.67,4.77,4.88,82,74.8,65.78,62.05,0,0,0,0,1.67,1.67,1.67,1.67,5,5,5,5,10,10,10,10,120,112,101,112,0,0,0,0,0,0,0,0,0,0,0,0,1,1,1,1,0,0,0,0,14.44,14.39,13.5,14.51,23.97,25.12,23.72,25.98,18.81,20.53,20.53,22.21
OF072522,Cage 11,3526059,Batch 1,Phase 1,2,9:13:00 AM,300,Open Field Zones.szm,Periphery,186.43,160.9,138.88,157.6,66,79,73,39,0,0,0,0,548.19,477.94,392.97,470.35,154.94,141.61,130.18,146.69,156.21,134.3,116.52,139.7,765,687,570,664,743,670,557,645,57.23,50.97,48.61,50.36,35,32,30,31,129.19,109.85,90.27,107.24,100,109,100,70,22.25,19.57,19.06,14.27,66.87,46.57,44.25,62.6,2,1,0,1,1.69,1.62,1.51,1.55,12,10,8,11,22,17,13,19,203,166,117,183,21,21,21,21,38,38,38,38,13.37,13.37,13.37,13.37,1,1,1,2,2,2,2,2,11.01,10.9,10.57,11.19,26.16,19.78,19.41,26.16,14.81,13.18,12.55,15.79
OF072522,Cage 11,3526059,Batch 1,Phase 1,2,9:13:00 AM,300,Open Field Zones.szm,Corner,98.97,82.61,62.63,85.01,40,45,40,24,4.81,4.81,4.81,4.81,155.62,91.24,54.32,88.51,28.89,17.46,11.11,13.65,41.91,25.4,13.97,20.32,324,221,150,237,301,203,140,219,30.06,27.63,21.44,28.31,18,16,13,17,68.91,54.98,41.19,56.7,59,60,50,42,9.45,10.89,10.94,4.69,,,,,1,0,0,0,3.19,3.06,2.13,3.08,11,9,5,9,23,18,10,18,59,41,23,47,14,14,14,14,21,21,21,21,5.99,5.99,5.99,5.99,0,0,0,0,1,0,0,0,6.67,6.36,5.28,5.05,20.08,18.47,16.32,16.32,7.08,6.9,4.12,4.93
OF072522,Cage 11,3526059,Batch 1,Phase 1,2,9:13:00 AM,300,Open Field Zones.szm,Center,64.14,56.5,50.95,56.17,47,35,26,21,1.05,1.05,1.05,1.05,290.78,258.37,225.04,259.34,55.25,55.25,48.26,53.98,93.98,91.12,80.65,89.54,448,396,348,396,438,386,338,386,5.38,5.38,5.38,5.38,4,4,4,4,58.76,51.12,45.57,50.8,51,39,30,25,9.21,6.88,6.58,7.32,22.26,20.89,20.85,20.01,0,0,0,0,1.22,1.22,1.22,1.22,5,5,5,5,10,10,10,10,158,129,100,138,5,5,5,5,6,6,6,6,0.26,0.26,0.26,0.26,1,1,1,1,1,1,0,0,10.77,11.47,11.86,11.38,18.51,19.68,18.54,18.03,13.19,12.36,16.14,15.94
OF072522,Cage 11,3526059,Batch 1,Phase 1,3,9:18:00 AM,300,Open Field Zones.szm,Periphery,141.14,129.46,111.58,129.97,58,73,73,39,0,0,0,0,477.3,411.59,331.86,414.2,157.16,140.97,122.24,138.75,112.4,100.33,87,102.55,644,563,442,569,622,544,429,551,39.98,39.98,37.81,38.87,24,24,22,23,101.16,89.48,73.77,91.09,82,95,93,62,16.97,15.87,16.05,12.87,40.6,42.12,59.59,41.31,0,0,0,0,4.42,3.55,2.89,3.25,11,10,8,10,22,19,13,18,144,107,53,133,20,20,20,20,31,31,31,31,10.67,10.67,10.67,10.67,3,1,1,2,0,0,0,0,11.96,11.3,10.01,11.08,24.56,24.56,19.89,21.53,14.81,15.44,13.7,14.92
OF072522,Cage 11,3526059,Batch 1,Phase 1,3,9:18:00 AM,300,Open Field Zones.szm,Corner,73.05,61.79,56.55,61.06,43,34,25,17,4.81,4.81,4.81,4.81,102.36,55.69,30.22,45.9,11.75,3.81,1.27,2.54,23.18,15.24,8.57,10.16,253,164,110,152,246,159,107,149,30.66,28.49,28.49,28.49,17,15,15,15,42.39,33.3,28.06,32.58,59,48,39,31,7.33,7.66,6.03,3.84,226.77,,,220.24,0,0,0,0,0.75,0.63,0.61,0.61,3,2,1,1,7,5,3,3,43,25,13,27,13,13,13,13,31,31,31,31,7.87,7.87,7.87,7.87,0,0,0,0,0,0,0,0,7.97,6.95,4.23,5.74,22.46,22.46,12.51,12.51,8.34,3.19,5.51,6.36
OF072522,Cage 11,3526059,Batch 1,Phase 1,3,9:18:00 AM,300,Open Field Zones.szm,Center,117.48,108.75,102.31,108.8,47,40,34,25,1.05,1.05,1.05,1.05,480.36,437.03,396.78,444.2,146.05,132.4,118.75,135.89,133.03,126.37,120.97,129.22,623,562,499,558,596,538,475,533,26.86,25.75,25.75,26.86,17,16,16,17,90.62,83,76.56,81.94,63,56,49,41,13.36,13.34,13.13,11.68,55.32,55.66,63.27,57.15,0,0,2,2,3.45,3.14,3.14,3.23,10,8,8,9,27,24,24,25,155,132,111,133,9,9,9,9,16,16,16,16,3.02,3.02,3.02,3.02,3,3,2,3,2,2,2,2,12.78,12.86,12.72,13.21,21.43,21.68,21.82,21.68,17.19,17.69,18.59,20.06
OF072522,Cage 11,3526059,Batch 1,Phase 1,4,9:23:00 AM,300,Open Field Zones.szm,Periphery,126.06,116.22,107.3,119.13,39,51,57,31,0,0,0,0,321.21,284.82,240.13,282.73,96.52,91.12,78.74,88.27,81.92,78.11,75.57,78.11,445,394,340,408,422,375,324,387,48.86,48.86,48.86,48.86,21,21,21,21,77.21,67.36,58.45,70.27,60,70,73,52,11.82,11.26,12.01,9.28,71.59,59.9,38.98,68.78,0,1,0,1,6.09,5.97,5,5.36,9,8,7,9,23,19,16,21,104,67,50,96,16,16,16,16,21,21,21,21,4.92,4.92,4.92,4.92,1,1,1,1,1,0,0,1,10.7,10.71,10.69,10.34,21.66,22.68,23.11,23.16,14.58,12.9,12.91,13.49
OF072522,Cage 11,3526059,Batch 1,Phase 1,4,9:23:00 AM,300,Open Field Zones.szm,Corner,30.97,26.22,22.73,25.78,18,12,8,6,4.81,4.81,4.81,4.81,33.86,18.16,12.82,19,7.62,3.81,2.54,2.54,3.81,2.54,1.27,2.54,97,52,35,48,92,50,33,46,12.98,12.98,12.98,12.98,6,6,6,6,17.98,13.24,9.75,12.8,24,17,13,12,3.77,3.95,2.55,1.25,,,,,1,0,0,0,0.48,0.36,0.36,0.36,2,1,1,1,5,2,2,2,16,10,3,8,7,7,7,7,10,10,10,10,1.48,1.48,1.48,1.48,0,0,0,0,0,0,0,0,5.74,5.19,4.32,4.33,13.49,9.11,6.49,5.98,5.98,6.28,4.9,5.1
OF072522,Cage 11,3526059,Batch 1,Phase 1,4,9:23:00 AM,300,Open Field Zones.szm,Center,162.73,157.56,151.2,154.98,49,39,31,26,1.05,1.05,1.05,1.05,485.3,452.15,421.09,451.6,139.38,129.54,125.41,133.67,119.06,117.79,115.25,117.79,681,646,597,636,652,617,570,607,53.49,53.49,53.49,53.49,28,28,28,28,109.25,104.08,97.72,101.5,76,66,58,53,18.55,16.98,14.4,15.31,62.72,65.54,54.52,53.65,1,1,2,2,5.52,5.52,5.5,5.52,12,12,11,12,29,29,27,29,206,191,175,186,11,11,11,11,16,16,16,16,2.56,2.56,2.56,2.56,1,2,2,2,1,1,1,1,10.59,10.78,10.18,10.69,26.59,25.18,21.19,26.59,12.85,17.28,17.28,26.68
OF072522,Cage 12,3526435,Batch 1,Phase 1,1,9:08:58 AM,300,Open Field Zones.szm,Periphery,170.72,144.11,122.28,141.6,107,108,95,50,0,0,0,0,534.23,445.77,363.79,445.83,156.53,139.07,122.87,143.83,132.4,119.7,106.36,121.6,988,828,679,822,954,805,659,792,39.14,37.84,36.53,37.82,22,21,20,21,131.43,106.11,85.6,103.62,128,127,113,70,22.74,23.84,19.2,15.57,43.26,29.2,22.1,34.87,1,1,1,2,5.27,4.14,3.89,4.96,15,11,10,13,34,23,20,30,317,233,144,254,12,11,11,11,21,20,20,20,6.27,6.24,6.24,6.24,2,2,2,2,1,0,0,1,10.73,11.62,11.57,11.12,21.91,22.15,27.81,21.97,13.08,17.09,20.27,15.89
OF072522,Cage 12,3526435,Batch 1,Phase 1,1,9:08:58 AM,300,Open Field Zones.szm,Corner,63.38,52.5,44.91,54.14,46,36,30,19,18.61,18.83,18.91,18.91,146.12,99.82,62.03,88.49,36.2,25.72,13.65,17.78,27.31,20.96,14.61,14.61,342,261,189,256,329,248,176,243,3.89,2.58,2.58,3.89,3,2,2,3,59.49,49.92,42.33,50.25,49,38,32,22,8.19,9.3,8.8,4.16,74.8,,,,0,0,0,0,2.25,2.25,2.25,2.25,6,6,6,6,13,13,13,13,88,65,52,81,10,10,10,10,14,14,14,14,4.94,4.94,4.94,4.94,0,0,0,0,1,0,0,0,8.46,6.83,6.22,7.31,16.42,12.4,11.5,16.55,9.72,8.06,7.21,9.14
OF072522,Cage 12,3526435,Batch 1,Phase 1,1,9:08:58 AM,300,Open Field Zones.szm,Center,117.08,103.39,84.37,102.97,75,73,78,37,0.14,0.14,0.14,0.14,484.45,436.04,385.37,437.77,135.89,128.91,123.51,132.08,107.95,100.97,94.62,105.41,834,742,618,743,806,718,604,717,7.12,7.12,5.83,5.83,5,5,4,4,109.95,96.27,78.55,97.14,79,77,82,41,20.01,20.83,19.51,16.11,57.7,62.2,54.75,59.02,0,0,0,0,2.53,2.3,1.27,2.33,14,11,7,12,28,24,14,26,384,315,252,343,5,5,5,5,7,7,7,7,0.91,0.91,0.72,0.91,2,1,1,2,0,0,0,0,12.15,11.82,12.15,11.93,27.24,27.24,27.24,27.24,19.06,17.45,19.2,17.77
OF072522,Cage 12,3526435,Batch 1,Phase 1,2,9:13:58 AM,300,Open Field Zones.szm,Periphery,152.53,131.52,108.29,135.61,62,75,88,43,0,0,0,0,367.86,300.13,214.22,287.27,62.55,54.93,36.83,48.58,69.85,53.98,40.32,52.07,809,687,539,698,758,646,512,650,21.8,20.66,20.66,21.8,15,14,14,15,130.73,110.86,87.63,113.81,77,88,101,58,18.91,15.27,19.76,15.05,55.22,62.34,79.88,66.11,0,0,0,0,6.5,5.98,5.91,5.94,18,16,11,16,51,41,27,48,245,190,110,218,16,16,16,16,24,24,24,24,5.99,5.99,5.99,5.99,0,0,1,0,0,0,0,0,8.95,8.69,9.28,9.17,22.56,17.82,19.7,34.94,15.6,14.25,10.86,17.47
OF072522,Cage 12,3526435,Batch 1,Phase 1,2,9:13:58 AM,300,Open Field Zones.szm,Corner,65.81,57.76,45.49,51.47,43,34,22,15,18.61,18.83,18.91,18.91,119,88.53,54.64,79.3,16.83,10.16,5.08,7.62,22.86,15.88,8.26,14.29,273,203,131,186,255,187,116,171,13.55,13.55,12.41,12.41,10,10,9,9,52.26,44.22,33.08,39.06,52,43,29,24,7.95,7.41,5.69,4.34,225.49,,,,0,0,0,0,4.53,3.87,3.73,3.73,10,9,9,9,18,16,15,15,57,44,37,46,9,9,9,9,14,14,14,14,3.53,3.53,3.53,3.53,0,0,0,0,0,0,0,0,6.64,6.04,4.83,6.18,12.58,12.93,10,11.98,9.19,6.6,4.21,10.15
OF072522,Cage 12,3526435,Batch 1,Phase 1,2,9:13:58 AM,300,Open Field Zones.szm,Center,127.82,110.72,101.99,112.52,68,42,40,30,0.14,0.14,0.14,0.14,437.71,376.32,342.46,395.08,100.33,88.9,86.36,97.79,105.09,98.43,90.17,100.65,738,628,561,661,702,604,538,635,26.08,26.08,26.08,26.08,14,14,14,14,101.74,84.64,75.9,86.44,83,57,55,45,18.17,13.46,13.6,12.88,38.72,42.37,44.72,41.97,1,1,1,1,3.64,2.66,2.36,3.03,13,9,9,10,36,24,23,26,284,223,188,242,9,9,9,9,16,16,16,16,1.53,1.53,1.53,1.53,3,2,1,1,1,1,0,0,11.9,11.33,12,12.02,23.32,23.99,25.42,23.99,12.13,16.51,19.04,19.44
OF072522,Cage 12,3526435,Batch 1,Phase 1,3,9:18:58 AM,300,Open Field Zones.szm,Periphery,138.51,118.27,99.18,118.54,89,76,79,33,0,0,0,0,391.22,314.84,240.85,318.77,110.17,98.74,84.46,101.28,94.93,79.69,66.99,83.5,727,601,459,601,709,583,442,584,38.55,36.03,36,36.14,23,21,21,21,99.96,82.24,63.18,82.4,111,96,97,54,16.57,18.5,15.66,9.66,37.49,30.64,32.59,26.27,1,1,1,0,2.25,2.25,2.14,2.08,7,7,6,6,18,18,17,17,206,141,94,164,23,23,23,23,41,41,41,41,8.21,8.21,8.21,8.21,2,2,2,2,1,2,2,1,12.44,12.5,12.36,12.2,26.56,26.56,25.78,25.75,15.22,16.3,14.23,18.98
OF072522,Cage 12,3526435,Batch 1,Phase 1,3,9:18:58 AM,300,Open Field Zones.szm,Corner,63.63,54.34,45.5,51.38,39,43,29,16,18.61,18.83,18.91,18.91,120.99,79.41,45.36,67.28,27.94,15.88,10.48,10.48,20.32,8.89,2.54,6.35,320,250,162,220,318,249,162,218,16.39,16.39,16.28,16.28,10,10,10,10,47.24,37.95,29.22,35.1,48,52,38,25,6.82,7.27,5.97,3.89,100.49,,,,0,0,0,0,0.78,0.25,0,0.75,2,1,0,2,2,1,0,2,74,55,26,60,16,16,16,16,28,28,28,28,8.45,8.45,8.45,8.45,0,0,0,0,0,0,0,0,8.98,7.06,6.97,7.04,23.34,13.49,14.53,12.26,19.89,6.96,8.84,6.92
OF072522,Cage 12,3526435,Batch 1,Phase 1,3,9:18:58 AM,300,Open Field Zones.szm,Center,139.75,127.39,115.99,129.8,62,33,59,20,0.14,0.14,0.14,0.14,451.72,411.16,368.84,415.14,145.73,139.38,133.35,139.07,96.84,95.57,86.68,94.3,819,724,644,746,783,688,624,710,32.84,32.74,30.33,32.74,21,21,19,21,106.91,94.66,85.66,97.06,84,55,78,42,16.16,13.84,15.98,11.23,52.55,54.47,43.13,36.89,2,2,2,3,7.77,7.77,3.66,7.77,9,9,8,9,36,36,20,36,290,245,181,264,12,12,12,12,20,20,20,20,2.94,2.94,2.94,2.94,4,4,3,3,0,0,1,1,11.52,12.73,13.07,12.27,23.29,25.56,25.34,24.68,17.75,19.46,17.22,15.22
OF072522,Cage 12,3526435,Batch 1,Phase 1,4,9:23:58 AM,300,Open Field Zones.szm,Periphery,129.88,106.07,83.81,107.41,80,99,84,42,0,0,0,0,426.75,364.11,261.83,346.72,98.43,83.19,68.58,86.04,117.16,101.28,75.57,108.27,719,603,440,578,675,569,410,544,33.36,25.17,25.17,32.34,16,12,12,15,96.52,80.9,58.64,75.06,95,110,95,57,17.28,20.46,14.86,10.89,59.08,62.48,58.59,50.39,1,0,0,1,7.25,6.3,5.72,5.61,18,13,9,11,44,34,30,34,211,136,66,155,8,8,8,8,12,12,12,12,3.09,3.09,3.09,3.09,0,0,0,0,4,3,3,3,11.85,11.79,11.11,11.25,23.2,23.3,23.3,23.2,20,17.9,9.95,15.83
OF072522,Cage 12,3526435,Batch 1,Phase 1,4,9:23:58 AM,300,Open Field Zones.szm,Corner,88.52,76.94,62.03,71.25,53,51,36,23,18.61,18.83,18.91,18.91,145.05,83.82,49.41,68.89,28.26,16.19,8.26,13.34,40.01,15.88,5.08,7.62,350,259,164,243,327,242,151,221,32.55,32.55,27.8,28.03,19,19,18,18,55.91,44.33,34.24,43.22,69,65,49,39,8.47,7.01,4.73,3.38,175.26,,,,0,0,0,0,4.55,3.49,3.09,3.56,11,8,6,11,23,17,13,22,63,37,17,52,18,18,18,18,31,31,31,31,7.41,7.41,7.41,7.41,0,0,0,0,0,0,0,0,9.03,8.12,6.66,8.07,21.57,18.53,18.68,21.57,11.27,9.26,6.77,10.92
OF072522,Cage 12,3526435,Batch 1,Phase 1,4,9:23:58 AM,300,Open Field Zones.szm,Center,130.56,117,108.09,118.84,61,49,45,29,0.14,0.14,0.14,0.14,453.75,398.04,369.81,415.27,87.31,84.77,77.47,83.19,109.54,100.33,95.25,101.6,710,597,548,635,678,575,531,607,32.06,32.06,28.45,29.47,20,20,17,18,98.44,84.93,79.64,89.38,81,69,61,47,13.67,11.7,11.75,9.22,46.24,53.37,53.61,49.45,2,2,1,1,8.11,6.22,4.1,7.56,16,12,10,14,32,22,17,28,239,175,152,200,10,10,10,10,15,15,15,15,1.22,1.22,1.22,1.22,2,2,2,2,1,1,1,1,10.57,11.39,11.25,10.97,21.74,22.05,22.47,21.74,14.97,15.82,16.65,15.05
OF072522,Cage 2,3526408,Batch 2,Phase 1,1,9:54:01 AM,300,Open Field Zones.szm,Periphery,132.84,107.56,87.7,109.36,58,61,51,26,42.66,46.17,46.3,46.3,470.32,414.15,358.96,425.97,164.15,151.45,138.11,159.7,152.08,140.65,131.45,148.27,637,555,478,561,613,535,458,539,27.11,18.23,15.81,21.95,18,12,10,14,105.73,89.33,71.89,87.4,75,71,60,40,18.74,18.86,13.95,12.64,37.77,38.6,41.87,35.71,0,0,0,0,2.47,1.25,1.25,1.77,10,8,8,9,24,20,20,22,201,166,143,189,4,4,4,4,4,4,4,4,0,0,0,0,2,2,2,2,3,2,1,3,9.57,10.28,10.08,10.03,17.35,25.02,26.21,18.74,12.62,12.45,13.5,14.38
OF072522,Cage 2,3526408,Batch 2,Phase 1,1,9:54:01 AM,300,Open Field Zones.szm,Corner,146.64,128.25,112.02,131.19,44,47,46,21,48.83,49.03,49.38,49.38,131.99,84.09,41.01,70.14,39.37,27.31,14.61,17.15,23.5,15.88,6.99,8.26,392,313,228,303,366,291,210,280,55.86,53.44,49.58,53.74,36,34,31,34,90.78,74.81,62.44,77.45,78,76,73,54,13.3,10.99,9.38,6.53,78.08,,,,1,0,0,1,5.87,5.67,4.53,5.17,14,12,10,12,26,22,18,23,122,89,56,92,6,6,6,6,6,6,6,6,0,0,0,0,0,0,0,0,0,0,0,0,5.79,5.32,4.62,4.94,13.19,12.99,15.09,15.09,7.74,7.47,3.39,8.11
OF072522,Cage 2,3526408,Batch 2,Phase 1,1,9:54:01 AM,300,Open Field Zones.szm,Center,66.97,64.19,55.14,59.19,15,13,11,5,0,0,0,0,138.58,128.14,115.05,126.45,28.58,27.31,27.31,27.31,27.31,25.72,23.18,25.72,259,243,206,229,248,232,198,218,19.36,19.36,14.35,15.35,13,13,10,11,47.61,44.82,40.8,43.84,29,27,22,17,11.13,9.24,8.11,8.3,75.17,87.32,75.61,78.2,3,3,3,3,1.58,1.58,1.2,1.58,5,5,4,5,11,11,8,11,70,68,58,70,1,1,1,1,1,1,1,1,0.16,0.16,0.16,0.16,1,1,1,1,0,0,0,0,8.43,8.23,7.98,8.24,16.35,14.47,17.62,14.47,6.23,6.23,6.29,6.23
OF072522,Cage 2,3526408,Batch 2,Phase 1,2,9:59:01 AM,300,Open Field Zones.szm,Periphery,168.78,145.9,113.81,133.17,46,55,39,23,42.66,46.17,46.3,46.3,212.4,177.33,138.67,179.71,33.02,30.48,22.86,31.75,79.38,70.49,62.87,76.84,385,317,257,317,359,295,240,298,82.05,73.03,59.14,66.09,40,37,30,32,86.73,72.87,54.67,67.08,85,89,66,56,14.39,18.07,12.09,8.89,18.16,17.81,9.94,13.05,3,1,0,1,7.16,6.76,4.42,4.41,14,11,9,10,26,22,17,19,81,59,40,52,5,5,5,5,12,12,12,12,3.97,3.97,3.97,3.97,0,0,0,0,0,0,0,0,7.03,6.66,6.72,6.78,17.59,17.97,18.36,16.23,6.87,9.82,7.49,7.16
OF072522,Cage 2,3526408,Batch 2,Phase 1,2,9:59:01 AM,300,Open Field Zones.szm,Corner,104.2,74.95,67.75,97.17,17,25,26,11,48.83,49.03,49.38,49.38,78.99,52.19,34.84,47.45,13.97,7.62,5.08,5.08,29.21,21.59,12.7,15.24,198,146,121,175,183,137,112,161,41.96,28.06,26,41.96,24,17,16,24,62.25,46.89,41.75,55.22,39,41,40,33,7,7.59,8.65,3.68,,,,,0,1,0,0,3.84,2.77,2.77,3.77,8,4,4,8,15,9,9,14,62,34,28,55,6,6,6,6,5,5,5,5,0.87,0.87,0.87,0.87,0,0,0,0,0,0,0,0,4.68,4.7,4.14,4.11,11.24,13.72,13.72,11.24,7.24,5.36,4.62,6.43
OF072522,Cage 2,3526408,Batch 2,Phase 1,2,9:59:01 AM,300,Open Field Zones.szm,Center,84.5,79.14,63.47,69.53,28,30,20,13,0,0,0,0,187.98,174.98,157.26,177.33,44.77,43.5,43.5,44.77,12.07,12.07,12.07,12.07,337,314,276,309,328,306,268,301,26.56,25.31,18.36,18.36,15,14,12,12,57.94,53.83,45.11,51.17,42,43,32,25,9.93,8.69,9.13,7.39,33.74,37.63,43.43,38.9,1,1,1,1,1.5,1.45,1.45,1.45,6,5,5,5,9,8,8,8,82,64,40,61,0,0,0,0,0,0,0,0,0,0,0,0,1,1,1,1,0,0,0,0,7.9,8.4,9.12,8.72,18.45,18.45,22.09,22.09,10.76,11.94,13.49,14.04
OF072522,Cage 2,3526408,Batch 2,Phase 1,3,10:04:01 AM,300,Open Field Zones.szm,Periphery,145.16,123.22,108.48,126.3,56,68,59,35,42.66,46.17,46.3,46.3,458.57,381.21,317.22,395.13,120.97,103.19,87,103.19,159.39,138.43,124.14,149.23,656,563,468,562,638,548,457,546,33.35,31.08,31.08,33.35,20,18,18,20,111.81,92.14,77.4,92.95,76,85,75,55,19.31,16.69,13.89,13.87,34.42,16.6,16.36,24.76,1,1,1,1,3.3,2.81,1.69,3.14,8,7,5,7,18,15,11,16,216,156,99,164,7,7,7,7,8,8,8,8,2.22,2.22,2.22,2.22,2,3,1,2,0,0,0,0,9.37,10.97,11.04,9.81,24.63,25.75,26.88,25.32,12.98,17.1,11.17,14.82
OF072522,Cage 2,3526408,Batch 2,Phase 1,3,10:04:01 AM,300,Open Field Zones.szm,Corner,149.22,136.46,122.86,137.79,44,43,36,24,48.83,49.03,49.38,49.38,150.44,103.9,55.78,93.52,29.53,19.37,7.94,15.56,41.59,29.85,11.43,19.05,390,312,235,312,351,277,207,276,52.48,52.48,52.48,52.48,31,31,31,31,96.74,83.98,70.38,85.31,75,73,65,55,16.94,16.25,11.73,7.64,163.05,266.42,,184.46,3,1,0,0,9.5,9.33,8.08,9.02,17,15,13,16,39,35,28,36,97,81,62,86,10,10,10,10,17,17,17,17,6.52,6.52,6.52,6.52,0,0,0,0,0,0,0,0,6.44,5.5,4.76,5,18.09,13.74,16.68,15.3,6.48,6.55,3.81,4.9
OF072522,Cage 2,3526408,Batch 2,Phase 1,3,10:04:01 AM,300,Open Field Zones.szm,Center,42.72,40.31,31.98,35.92,23,26,21,12,0,0,0,0,161.8,142.33,113.09,141.21,40.01,33.97,27.62,40.01,19.05,16.51,13.97,16.51,241,213,178,211,235,205,172,205,8.39,8.39,6.12,6.12,5,5,3,3,34.33,31.92,25.86,29.8,27,30,24,15,6.23,6.24,4.01,4.39,91.09,86.09,65.46,98.7,0,0,0,0,0.8,0.83,0.8,0.8,1,2,1,1,6,8,6,6,47,43,35,47,1,1,1,1,1,1,1,1,0,0,0,0,0,0,0,0,0,0,0,0,12.88,10.83,10.34,12.15,22.63,23.1,22.87,22.32,18.87,14.34,19.57,24.44
OF072522,Cage 2,3526408,Batch 2,Phase 1,4,10:09:01 AM,300,Open Field Zones.szm,Periphery,136.77,118.78,90.1,106.86,64,71,46,32,42.66,46.17,46.3,46.3,350.85,289.39,235.85,306.26,88.9,75.88,62.55,83.5,107.32,98.11,92.39,104.78,568,478,379,458,537,448,360,435,21.25,21.25,17.22,17.25,15,15,12,12,115.52,97.53,72.88,89.61,77,82,55,43,19.78,25.95,16.56,13.11,33.69,22.78,22.68,29.94,1,1,2,0,4.88,5.19,2.74,2.89,13,12,7,9,31,30,19,23,112,88,63,82,8,8,8,8,10,10,10,10,2,2,2,2,1,1,1,1,0,0,0,0,8.37,8.44,8.57,8.74,19.55,18.08,18.18,22.73,10.72,11.63,11.47,8.13
OF072522,Cage 2,3526408,Batch 2,Phase 1,4,10:09:01 AM,300,Open Field Zones.szm,Corner,104.34,78.45,68.53,92.27,29,41,38,17,48.83,49.03,49.38,49.38,98.64,60.61,28.07,42.07,30.16,19.37,11.43,12.7,13.34,9.21,1.27,1.27,310,229,160,238,292,215,146,220,27.37,23.34,23.34,27.34,14,11,11,14,76.97,55.11,45.19,64.92,43,49,46,31,8.31,11.28,9.53,4.91,,,,,1,1,0,1,4.03,2.27,2.27,4.03,10,7,7,10,18,14,14,18,93,65,42,82,5,5,5,5,6,6,6,6,2.89,2.89,2.89,2.89,0,0,0,0,0,0,0,0,6.08,6.07,5.41,4.86,16.1,16.1,15.58,13.83,7.3,7.93,5.46,5.44
OF072522,Cage 2,3526408,Batch 2,Phase 1,4,10:09:01 AM,300,Open Field Zones.szm,Center,107.69,102.76,94.7,100.52,25,29,25,16,0,0,0,0,254.46,232.92,204,231.79,89.85,84.46,79.38,83.5,15.24,12.38,11.11,13.65,441,409,365,411,421,391,349,393,32.19,32.19,32.19,32.19,15,15,15,15,75.5,70.58,62.51,68.33,40,44,39,31,10.05,9.8,7.78,8.08,38.65,35.34,42.9,45.6,0,0,1,1,2.69,2.67,2.66,2.67,11,10,9,10,20,18,16,18,167,142,130,152,4,4,4,4,5,5,5,5,0.41,0.41,0.41,0.41,0,0,0,0,0,0,0,0,9.71,9.44,9.47,9.83,26.57,26.57,26.57,26.57,11.77,14.37,2.5,14.95
OF072522,Cage 3,3526381,Batch 2,Phase 1,1,9:54:16 AM,300,Open Field Zones.szm,Periphery,139.25,112.97,97.82,121.51,94,113,101,51,0,0,0,0,349.54,272.99,223.72,283.52,72.39,63.18,53.98,62.23,99.7,86.68,74.3,86.68,726,588,470,621,692,556,445,589,31.89,29.53,28,31.89,21,19,18,21,107.36,83.43,69.82,89.62,113,126,114,70,18.18,18.37,14.8,9.84,42.89,43.61,44.02,42.96,2,2,2,1,5.87,6.31,4.42,5.14,17,15,11,15,34,32,25,32,237,163,99,201,22,22,21,21,31,31,30,30,5.97,5.97,5.97,5.97,1,0,1,1,0,1,1,0,9.92,9.81,9.74,9.62,24.63,24.63,22.07,20.9,12.29,14.8,19.78,14.28
OF072522,Cage 3,3526381,Batch 2,Phase 1,1,9:54:16 AM,300,Open Field Zones.szm,Corner,40.67,33.92,27.74,34.57,28,31,29,16,11.38,11.38,11.42,11.42,74.66,54.5,30.94,49.73,10.48,10.48,6.67,6.67,19.05,15.24,7.62,10.16,209,158,112,159,191,150,106,142,8.02,8.02,8.02,8.02,5,5,5,5,32.66,25.91,19.72,26.55,32,34,32,20,5.02,5.77,4.75,2.13,,,,,0,0,0,0,3.36,1.11,0.42,3.32,8,3,2,7,18,8,6,17,54,25,12,39,10,11,11,10,16,16,16,16,3.85,3.41,3.41,3.85,0,0,0,0,0,0,0,0,8.94,7.51,5.63,8.3,19.19,18.26,11.17,24.71,11.97,10.64,8.17,8.81
OF072522,Cage 3,3526381,Batch 2,Phase 1,1,9:54:16 AM,300,Open Field Zones.szm,Center,162.41,153.11,133.02,143.59,83,83,66,38,1.5,1.5,1.5,1.5,506.06,473.81,420.82,465.13,123.93,114.72,109.33,119.49,149.86,141.29,135.89,146.37,904,811,703,794,855,762,666,753,41.46,39.93,37.57,37.57,24,23,21,21,120.96,113.19,95.45,106.03,104,103,86,58,22.22,22.18,17.92,16.97,57.26,60.57,66.77,61.82,1,1,1,1,6.11,6.67,5,4.98,21,19,15,18,49,49,37,41,397,332,272,345,11,11,11,11,17,17,17,17,2.62,2.62,2.62,2.62,0,0,0,0,1,1,2,2,11,11.04,11.75,11.4,21.99,21.99,21.9,21.99,13.62,18.9,18.92,18.81
OF072522,Cage 3,3526381,Batch 2,Phase 1,2,9:59:16 AM,300,Open Field Zones.szm,Periphery,142.2,113.02,94.38,113.31,76,86,70,36,0,0,0,0,313.96,242.56,188.18,239.42,76.84,70.49,60.33,69.22,75.25,57.79,47.94,57.47,536,411,307,422,520,397,298,408,58.63,48.27,44.03,49.78,28,24,22,25,83.57,64.75,50.35,63.53,101,105,87,60,15.11,17.96,11.04,9.23,41.4,35.09,45.54,36.56,0,0,1,0,1.86,1.72,2.11,1.61,9,7,5,8,16,14,9,14,91,69,46,78,13,13,13,13,21,21,21,21,2.97,2.97,2.97,2.97,0,0,0,0,2,1,1,2,11.37,11.67,11.23,11.18,26.37,26.37,21.64,22.68,15.57,13.32,18.08,12.5
OF072522,Cage 3,3526381,Batch 2,Phase 1,2,9:59:16 AM,300,Open Field Zones.szm,Corner,72.03,57.94,51.63,62.08,25,40,34,18,11.38,11.38,11.42,11.42,94.05,61.73,37.79,57.01,15.24,7.62,3.81,6.35,27.31,19.69,13.65,18.42,258,189,135,193,238,179,129,176,21.7,18.49,18.49,18.49,12,11,11,11,50.33,39.45,33.15,43.6,35,50,43,28,6.7,9.42,6.38,4.25,263.29,,,,1,1,0,0,3.51,1.67,1.44,3.42,10,6,4,8,20,10,6,17,66,41,25,55,15,15,15,15,21,21,21,21,3.23,3.23,3.23,3.23,0,0,0,0,0,0,0,0,8.17,7.03,4,5.64,22.17,24.52,11.8,13.63,13.42,6.52,4.01,11.83
OF072522,Cage 3,3526381,Batch 2,Phase 1,2,9:59:16 AM,300,Open Field Zones.szm,Center,137.7,129.05,106.17,123.5,56,45,41,21,1.5,1.5,1.5,1.5,370.83,345.13,297.68,343.79,81.28,78.74,76.2,81.28,98.11,93.35,81.92,94.93,619,572,491,558,597,549,471,536,43.98,39.75,29.39,38.23,23,21,17,20,93.72,89.3,76.78,85.27,79,67,57,42,14.26,13.71,12.81,12.01,39.5,31.51,41.44,41.08,0,0,0,0,3.73,3.73,3.78,3.73,10,11,10,10,22,23,20,22,164,152,125,155,10,10,10,10,23,23,23,23,3.81,3.81,3.81,3.81,0,0,0,0,2,1,1,2,11.6,11.97,12.01,11.74,22.06,32.35,23.89,24.65,19.51,19.69,13.97,23.25
OF072522,Cage 3,3526381,Batch 2,Phase 1,3,10:04:16 AM,300,Open Field Zones.szm,Periphery,129.41,107.74,94.66,111.16,86,91,85,49,0,0,0,0,381.4,292.09,252.32,320.17,69.85,56.83,49.85,62.23,107,90.17,81.6,94.62,643,510,410,538,622,490,399,517,31.3,30.05,28.77,28.77,20,19,18,18,98.11,77.69,65.89,82.4,104,108,100,66,20.69,17.72,17.4,14.17,38.89,30.18,8.43,13.94,1,0,0,0,3.7,3.27,2.61,3.7,11,10,7,11,21,20,11,21,144,103,68,125,25,24,23,24,29,28,27,28,7.5,7.5,7.5,7.5,1,1,1,1,1,1,0,0,10.99,10.64,10.81,11,24.08,22.69,19.38,25.33,16.67,14.6,28.62,14.41
OF072522,Cage 3,3526381,Batch 2,Phase 1,3,10:04:16 AM,300,Open Field Zones.szm,Corner,65.78,56.33,47.55,56.2,38,36,37,21,11.38,11.38,11.42,11.42,62.83,43.92,25.67,32.89,10.16,8.89,5.08,6.35,10.16,7.62,5.08,5.08,223,157,100,150,207,145,96,141,24.28,23,23,24.28,17,16,16,17,41.49,33.33,24.55,31.92,55,49,47,38,7.7,7.66,6.02,3.46,,,,,1,2,0,1,3.06,2.94,1.45,2.53,7,6,3,4,16,12,4,9,27,18,8,16,10,9,9,9,13,12,12,12,3.7,3.7,3.67,3.7,0,0,0,0,0,0,0,0,7.58,5.97,4.88,4.46,17.05,14.86,9.43,8.82,11.96,5.57,4.26,4.06
OF072522,Cage 3,3526381,Batch 2,Phase 1,3,10:04:16 AM,300,Open Field Zones.szm,Center,140.97,135.94,123.05,130.83,64,56,49,35,1.5,1.5,1.5,1.5,504.42,477.84,406.79,454.81,102.24,96.52,87.31,93.66,158.75,152.72,138.43,150.81,730,667,571,657,719,659,565,649,45.36,45.36,44.11,45.36,26,26,25,26,95.61,90.58,78.94,85.47,90,82,73,61,15.56,14.98,16.02,13.94,35.72,36.02,20.6,28.57,3,3,3,3,0.56,0.42,0.34,0.42,9,8,6,8,11,8,6,8,190,164,144,182,10,10,10,10,14,14,14,14,2.06,2.06,2.06,2.06,1,1,1,1,2,2,2,2,12.31,12.14,12.86,12.25,26.17,24.69,27.35,25.02,19.02,19.23,18.52,19.98
OF072522,Cage 3,3526381,Batch 2,Phase 1,4,10:09:16 AM,300,Open Field Zones.szm,Periphery,146.93,121.74,108.66,127.03,72,71,74,35,0,0,0,0,337.19,262.61,211.38,268.56,94.3,88.58,74.61,84.46,74.93,53.34,44.77,57.47,578,466,375,477,556,449,361,457,49.55,48.05,46.75,46.75,26,25,24,24,97.39,73.69,61.91,80.28,97,92,91,59,18.38,15.49,14.78,11.24,70.61,63.27,79.55,61.11,0,0,0,0,4.22,3.14,2.58,3.67,13,10,8,11,22,17,14,20,138,100,68,119,19,19,19,19,25,25,25,25,5.45,5.45,5.45,5.45,2,2,2,2,1,0,0,0,9.89,10.18,9.35,9.4,22.49,23.81,23.39,22.68,11.94,13.74,13.63,13.02
OF072522,Cage 3,3526381,Batch 2,Phase 1,4,10:09:16 AM,300,Open Field Zones.szm,Corner,63.47,58.73,48.83,53.33,27,24,19,13,11.38,11.38,11.42,11.42,70.12,39.99,24.78,37.89,13.65,8.26,5.08,6.67,12.7,6.35,2.54,2.54,190,144,97,136,186,140,96,132,30.59,30.59,30.17,30.59,14,14,14,14,32.88,28.14,18.66,22.73,40,37,31,26,6.53,5.03,3.91,1.16,210.51,,,,0,0,0,0,0.47,0.47,0.19,0.47,2,2,1,2,4,4,1,4,16,9,5,14,10,10,10,10,15,15,15,15,4.51,4.51,4.51,4.51,0,0,0,0,0,0,0,0,7.89,6.08,4.35,6.78,11.82,10.11,6.66,11.73,12.92,4.88,5.14,7.68
OF072522,Cage 3,3526381,Batch 2,Phase 1,4,10:09:16 AM,300,Open Field Zones.szm,Center,128.91,119.53,104.24,119.28,58,48,54,28,1.5,1.5,1.5,1.5,520.73,494.13,434.75,485.13,98.11,89.54,87,92.71,195.9,192.41,174.63,190.82,706,651,570,651,691,636,557,636,27.09,25.79,24.29,27.09,17,16,15,17,101.82,93.74,79.94,92.19,73,61,65,43,16.88,18.5,17.2,14.14,30.52,30.83,34.66,32.96,0,0,0,0,2.06,2.47,1.58,2.06,7,7,7,7,15,15,13,15,270,252,194,258,9,9,9,9,9,9,9,9,0.11,0.11,0.11,0.11,2,2,2,1,1,1,0,1,12.01,12.78,13.91,12.6,22.76,22.58,22.58,22.76,16.02,21.04,22.95,18.45
OF072522,Cage 4,3526676,Batch 2,Phase 1,1,9:55:39 AM,300,Open Field Zones.szm,Periphery,170.86,162,113.47,119.33,32,31,12,6,13.75,13.95,14.33,14.33,60.55,49.33,35.82,45.07,6.35,5.08,3.81,6.35,9.53,7.94,6.35,7.94,193,167,137,155,172,154,125,141,114.33,112.17,74.08,75.51,30,28,12,13,56.53,49.83,39.39,43.81,49,47,24,18,7.13,6.95,5.33,3.58,57.03,70.42,6.35,18.06,1,1,1,1,2.17,1.17,1.17,1.7,11,7,6,7,21,13,12,14,81,60,53,61,0,0,0,0,0,0,0,0,0,0,0,0,0,0,0,0,1,0,0,0,4.46,4.57,4.71,4.63,8.93,9.24,11.55,9.12,4.78,4.91,5.56,6.13
OF072522,Cage 4,3526676,Batch 2,Phase 1,1,9:55:39 AM,300,Open Field Zones.szm,Corner,169.89,123.08,114.7,165.66,9,28,31,5,116.11,116.33,116.48,116.48,38.1,26.6,18.18,29.75,3.81,2.54,1.27,1.27,6.99,5.4,3.81,5.4,139,101,74,132,120,87,68,113,123.56,85.47,83.31,122.13,53,37,35,52,46.33,37.61,31.39,43.53,61,61,59,56,2.56,9.51,9.01,1.92,,,,,1,0,0,1,2.63,3.89,1.11,2.63,11,6,3,11,19,14,6,19,23,15,6,23,2,2,2,2,4,4,4,4,0.97,0.97,0.97,0.97,0,0,0,0,0,0,0,0,4.11,3.83,4.29,3.77,9.17,7.5,8.34,7.5,7.16,6.53,6.26,5.49
OF072522,Cage 4,3526676,Batch 2,Phase 1,1,9:55:39 AM,300,Open Field Zones.szm,Center,16.74,14.92,14.44,15.02,4,3,1,1,0,0,0,0,13.39,11.38,8.58,12.49,1.27,1.27,1.27,1.27,0,0,0,0,46,38,33,37,38,30,25,29,6.81,6.81,6.81,6.81,4,4,4,4,9.92,8.11,7.63,8.2,9,8,6,6,1.1,0.47,0.17,0.27,17.86,,,17.86,1,1,1,1,2.17,2.17,2.17,2.17,2,2,2,2,8,8,8,8,16,16,15,16,1,1,1,1,2,2,2,2,0.27,0.27,0.27,0.27,0,0,0,0,0,0,0,0,4.47,4.66,4.02,4.81,6.83,6.52,5.24,6.83,5.26,4.28,3.33,7.17
OF072522,Cage 4,3526676,Batch 2,Phase 1,2,10:00:39 AM,300,Open Field Zones.szm,Periphery,170.77,151.92,131.69,149.09,42,47,42,27,13.75,13.95,14.33,14.33,439.24,371.29,293.98,385.27,123.51,110.81,97.16,122.24,105.41,95.25,83.19,94.62,630,553,445,555,607,533,428,537,60.48,59.23,58.12,59.37,28,27,26,27,110.29,92.69,73.56,89.72,69,74,68,53,15.23,14.9,15.58,12.9,67.81,61.21,45.44,59.16,0,1,0,0,2.89,2.7,1.53,1.53,15,13,11,12,23,20,17,18,169,130,94,145,3,3,3,3,4,4,4,4,1.2,1.2,1.14,1.14,1,1,1,2,1,0,0,0,8.84,8.71,8.95,8.95,17,16.51,18.38,18.38,13.43,11.92,14.53,12.74
OF072522,Cage 4,3526676,Batch 2,Phase 1,2,10:00:39 AM,300,Open Field Zones.szm,Corner,123.95,110,99.81,116.06,21,24,24,17,116.11,116.33,116.48,116.48,139.86,87.31,38.65,75.12,32.39,20.32,8.89,10.16,17.15,10.16,3.81,7.62,336,249,190,267,323,241,182,254,53.16,52.05,52.05,53.16,24,23,23,24,70.8,57.95,47.77,62.91,46,47,45,42,7.31,4.83,3.7,5.84,94.17,,,216.87,1,0,0,1,2.33,0.97,0.97,2.33,8,5,5,8,13,8,8,13,102,70,51,92,8,8,8,8,13,13,13,13,4.5,4.36,4.36,4.5,0,0,0,0,0,0,0,0,6.91,4.89,3.65,5.08,18.08,10.23,6.76,15.3,7.11,8.07,4.28,5.96
OF072522,Cage 4,3526676,Batch 2,Phase 1,2,10:00:39 AM,300,Open Field Zones.szm,Center,45.08,38.08,29.42,34.85,27,23,18,10,0,0,0,0,107.69,80.13,60.85,78.35,22.23,20.64,19.37,19.37,17.78,12.7,8.89,15.88,225,169,122,154,219,163,117,149,10.09,10.09,8.84,8.84,7,7,6,6,34.99,27.98,20.58,26,34,30,24,16,6.99,5.75,4.58,4.8,44.93,53.68,11.21,8.69,0,0,0,0,0.55,0.55,0.91,0.3,3,3,2,2,6,6,5,5,53,39,21,36,0,0,0,0,0,0,0,0,0,0,0,0,0,0,1,0,0,0,0,0,9.32,8.56,9.83,8.87,22.41,20.19,22.85,19.36,8.86,9.33,13.11,12.54
OF072522,Cage 4,3526676,Batch 2,Phase 1,3,10:05:39 AM,300,Open Field Zones.szm,Periphery,193.5,157.33,115.73,156.01,45,60,36,15,13.75,13.95,14.33,14.33,191.43,152.97,100.94,152.26,25.72,24.45,14.92,23.18,46.99,41.59,33.97,43.18,487,383,285,392,443,352,260,357,77.54,64.54,49.59,65.73,47,40,30,39,115.96,92.79,66.14,90.28,91,97,61,54,15.87,17.25,10.19,9.7,18.71,11.79,8.75,14.34,1,1,1,0,8.83,4.72,4.47,5.45,22,16,13,19,44,31,25,35,168,110,81,134,11,8,10,8,22,21,21,21,10.49,10.38,9.81,10.38,0,0,0,0,0,1,1,0,6.07,6.45,6.17,6.05,15.21,17.59,20.5,16.59,7.11,8.98,5.02,7.55
OF072522,Cage 4,3526676,Batch 2,Phase 1,3,10:05:39 AM,300,Open Field Zones.szm,Corner,62.41,50.05,27.61,41.91,19,24,17,6,116.11,116.33,116.48,116.48,46.65,27.38,10.89,18.49,6.99,1.27,1.27,1.27,5.72,2.54,0,0,169,122,67,111,146,106,62,93,22.45,18.11,10.19,12.36,12,10,6,7,39.95,31.94,17.42,29.55,31,32,21,13,3.23,8.19,3.5,1.5,92.88,,,,0,0,0,1,5.63,2.36,0.88,4.7,9,7,2,7,23,16,5,18,49,37,8,42,7,6,9,6,12,11,11,11,3.34,3.34,3.02,3.34,0,0,0,0,0,0,0,0,5.42,5.27,4.25,4.3,15.27,13.44,7.35,11.11,4.19,4.71,4.71,4.58
OF072522,Cage 4,3526676,Batch 2,Phase 1,3,10:05:39 AM,300,Open Field Zones.szm,Center,128.66,92.63,78.89,101.18,34,35,27,10,0,0,0,0,145.97,104.22,82.26,111.02,22.86,17.78,16.51,19.05,23.5,16.51,13.65,17.46,333,260,190,267,317,249,183,253,53.28,39.09,34.02,43.66,30,20,17,24,75.38,53.53,44.88,57.52,61,50,41,33,10.86,5.64,4.98,3.53,18.91,15.18,23.69,21.75,0,0,0,1,3,1.58,1.3,2.84,11,9,6,10,16,11,7,14,104,83,41,74,1,0,0,0,1,0,0,0,0.3,0,0,0,1,0,0,0,0,0,0,0,7.84,7.84,7.77,7.34,22.48,23.22,25.77,23.8,12.14,14.14,9.39,9.39
OF072522,Cage 4,3526676,Batch 2,Phase 1,4,10:10:39 AM,300,Open Field Zones.szm,Periphery,208.59,147.86,122.52,157.42,44,66,47,21,13.75,13.95,14.33,14.33,210.69,172.43,128.83,167,49.21,47.31,37.78,46.36,53.66,46.04,43.5,47.31,530,438,329,428,480,407,305,392,87.28,60.53,57.37,66.75,42,29,27,30,121.31,87.33,65.14,90.67,83,93,69,51,16.73,15.22,13.88,10.36,35.43,28.53,34.95,36.33,2,1,0,1,10.92,6.42,5.22,7.49,21,14,10,15,50,31,24,36,212,148,91,151,9,9,9,8,21,15,15,20,8.83,7.55,7.55,8.83,1,1,1,1,1,0,0,1,6.92,7.41,6.64,7.06,17.62,14.76,17.3,17.62,9.25,15.41,10.57,6.83
OF072522,Cage 4,3526676,Batch 2,Phase 1,4,10:10:39 AM,300,Open Field Zones.szm,Corner,135.58,115.75,82.44,115.09,39,34,32,14,116.11,116.33,116.48,116.48,78.84,46.83,26.5,51.17,11.11,7.3,5.4,5.4,8.89,6.35,3.81,5.08,291,210,131,216,260,185,122,189,57.98,54.83,43.2,54.41,35,33,26,34,77.59,60.92,39.24,60.69,74,66,54,48,8,7.55,7.8,3.97,,,,,1,0,0,0,4.95,3.77,1.3,4.64,10,7,4,8,31,25,9,27,84,46,20,64,13,13,12,11,26,26,24,24,7.83,7.83,7.73,7.83,0,0,0,0,0,0,0,0,5.09,4.48,4.01,4.78,11.4,8.97,6.75,11.4,6.41,5.07,4.95,6.22
OF072522,Cage 4,3526676,Batch 2,Phase 1,4,10:10:39 AM,300,Open Field Zones.szm,Center,45.75,36.39,8.97,25.86,33,33,12,9,0,0,0,0,95.69,78.88,60.95,72.27,17.46,11.75,11.75,11.75,16.51,15.24,10.16,15.24,184,133,82,127,177,131,82,122,16.72,16.72,1.59,10.92,7,7,1,5,29.03,19.67,7.37,14.94,40,39,12,14,7.87,7.51,1.65,1.8,15.44,15.21,14.8,15.7,0,0,0,0,0.86,0.5,0,0.36,4,1,0,3,7,2,0,5,17,2,0,8,2,2,2,2,6,6,2,2,0.77,0.77,0,0,0,0,0,0,1,1,1,1,8.67,12.32,16.85,10.41,25.07,29.19,31.52,26.67,18.64,30.7,25.73,11.57
OF072522,Cage 5,3526651,Batch 2,Phase 1,1,9:56:05 AM,300,Open Field Zones.szm,Periphery,77.1,55.13,42.33,55.98,43,35,26,14,0,0,0,0,227.87,183.11,144.12,189.88,58.42,53.02,39.05,50.48,72.71,66.04,58.1,71.44,380,307,241,301,367,298,235,295,12.66,8.58,6.36,9.94,9,6,4,7,64.3,46.41,35.83,45.91,51,41,29,21,11.47,8.77,6.5,7.7,38.72,27.79,53.44,56.91,0,0,0,0,1.02,1.74,0.69,0.69,9,7,4,4,13,9,6,6,116,70,32,70,4,4,4,4,6,5,5,5,1.11,0.55,0.55,0.55,1,1,1,1,0,0,0,0,8.29,8.58,8.68,8.5,16.98,18.06,19.69,17.58,12.07,12.72,12.57,9.91
OF072522,Cage 5,3526651,Batch 2,Phase 1,1,9:56:05 AM,300,Open Field Zones.szm,Corner,113.22,104.59,86.62,102.7,20,24,26,11,127.81,127.95,128.19,128.19,94.31,61.27,21.95,48.56,19.37,8.26,4.13,7.94,14.61,6.67,0,1.27,288,232,161,234,263,214,144,210,43.56,43.56,39.27,41.05,22,22,19,20,69.66,61.03,47.36,61.66,41,45,44,31,5.11,7,6.01,3.32,55.35,,,,1,0,0,0,3.8,2.72,2.69,3.05,13,9,8,13,25,18,17,24,85,55,40,77,9,9,9,9,13,13,13,13,3.28,3.28,3.27,3.28,0,0,0,0,0,0,0,0,4.86,4.17,2.93,4.09,9.18,7.44,5.7,8.7,6.24,3.96,2.67,5.12
OF072522,Cage 5,3526651,Batch 2,Phase 1,1,9:56:05 AM,300,Open Field Zones.szm,Center,144.94,140.28,136.28,140.98,12,12,18,5,0.14,0.14,0.14,0.14,88.39,81.44,76,87.38,35.03,32.17,30.9,35.03,5.08,5.08,5.08,5.08,229,206,181,210,213,190,168,194,100.88,98.66,98.66,99.82,17,15,15,16,44.06,41.62,37.62,41.17,29,27,31,21,6.3,5.02,5.99,4.98,103.92,117.65,121.94,106.95,1,1,1,1,0.87,1.39,0.73,0.87,8,7,6,8,16,16,13,16,96,89,73,96,1,1,1,1,1,1,1,1,0.05,0.05,0.05,0.05,0,0,0,0,0,0,0,0,6.47,5.96,6.27,6.65,15.41,12.59,11.9,15.41,5.07,5.05,5.99,5.44
OF072522,Cage 5,3526651,Batch 2,Phase 1,2,10:01:05 AM,300,Open Field Zones.szm,Periphery,149.2,114.21,89.83,113.05,61,56,42,21,0,0,0,0,231.34,174.46,129.05,192.75,35.88,24.13,22.86,30.8,67.95,57.15,46.67,66.68,439,351,255,350,418,338,248,336,63.94,51.33,43.53,52.27,34,25,20,26,85.26,62.88,46.29,60.78,93,79,59,46,15.22,11.26,9.45,7.63,51.31,46.08,55.03,48.55,0,1,0,0,4.78,3.42,1.11,3.64,9,6,4,6,21,13,7,14,91,56,33,70,11,11,12,11,17,17,17,17,7.25,7.25,5.75,7.25,0,0,0,0,1,0,0,2,7.81,8.23,7.91,9.31,19.77,20.03,20.14,20.03,9.87,6.8,9,10.7
OF072522,Cage 5,3526651,Batch 2,Phase 1,2,10:01:05 AM,300,Open Field Zones.szm,Corner,145,130.61,112.17,137.28,21,25,37,12,127.81,127.95,128.19,128.19,77.18,53.89,21.11,35.36,1.27,0,0,0,25.72,17.78,8.26,8.26,277,212,149,230,254,190,130,207,76.2,71.97,66.28,74.62,35,32,28,34,68.8,58.65,45.89,62.66,56,55,58,46,8.16,5.57,8.3,4.32,,,,,0,1,1,1,3.45,3.39,3.11,3.45,9,9,7,9,23,22,19,23,68,52,35,67,20,19,19,19,31,31,31,31,14.13,14.06,14.06,14.06,0,0,0,0,0,0,0,0,5.26,5.13,4.29,4.36,13.48,15.58,12.06,14.87,6.97,2.94,2.94,11.59
OF072522,Cage 5,3526651,Batch 2,Phase 1,2,10:01:05 AM,300,Open Field Zones.szm,Center,68.2,55.18,38.63,45.33,39,31,24,11,0.14,0.14,0.14,0.14,172.73,141.35,117.26,133.06,47.94,47.94,36.2,39.05,36.2,32.07,30.8,30.8,326,271,216,257,311,259,207,245,19.22,15.75,8.83,11.06,12,10,5,6,48.99,39.43,29.8,34.27,51,41,28,17,8.92,7.74,5.85,5.24,24.75,25.59,27.28,21.61,0,0,0,0,1.91,1.67,0.83,1.67,9,8,6,7,15,12,9,12,126,105,85,105,0,0,0,0,0,0,0,0,0,0,0,0,1,0,0,0,0,0,0,0,10.32,10.79,10.4,10.58,19.68,19.87,20.36,20.36,15.21,8.88,8.28,15.21
OF072522,Cage 5,3526651,Batch 2,Phase 1,3,10:06:05 AM,300,Open Field Zones.szm,Periphery,171.95,121.44,100.27,138.65,42,66,61,25,0,0,0,0,241.89,188.82,140,196.71,58.1,53.02,45.09,52.71,70.49,58.1,42.86,61.6,499,393,291,410,465,373,282,386,75.85,51.35,47.99,61.56,41,29,27,34,96.11,70.09,52.29,77.08,81,95,86,58,11.98,13.67,12.58,9.6,23.75,28.14,8.92,26.61,0,1,1,1,5.95,4.26,2.39,4.38,19,10,5,15,34,20,9,24,170,78,31,109,13,12,10,10,19,16,15,15,4.27,3.81,3.81,3.81,1,1,0,1,1,1,1,0,8.19,9.11,9.52,7.92,20.56,20.81,24.14,20.4,10.95,12.32,16.51,9.48
OF072522,Cage 5,3526651,Batch 2,Phase 1,3,10:06:05 AM,300,Open Field Zones.szm,Corner,108.64,87.89,70.78,88.23,44,36,24,15,127.81,127.95,128.19,128.19,86.81,55.7,25.78,40.44,7.62,5.08,1.27,2.54,29.85,17.78,9.84,11.11,311,229,159,226,278,213,146,199,41.45,36.64,32.75,37.56,26,23,20,23,67.19,51.25,38.03,50.67,66,57,42,36,10.91,9.33,5.91,3.55,90,,,,1,0,0,0,5.57,2.31,1.91,3.74,16,11,9,14,33,16,13,27,88,56,40,76,17,15,15,16,29,27,27,28,7.02,7.02,7.02,7.02,0,0,0,0,0,0,0,0,6.68,5.28,4.38,4.81,14.39,12.35,12.35,12.35,7.05,5.15,5.82,5.6
OF072522,Cage 5,3526651,Batch 2,Phase 1,3,10:06:05 AM,300,Open Field Zones.szm,Center,95.81,90.67,57.27,71.25,32,31,18,12,0.14,0.14,0.14,0.14,178.2,156.69,133.53,158.36,29.53,24.13,22.86,26.99,44.45,41.28,36.83,44.45,331,285,228,279,319,275,219,269,44.87,44.87,24.26,33.73,20,20,11,15,50.94,45.8,33,37.52,52,50,30,28,8.23,7.23,4.2,4.18,16.34,15.87,11.09,14.73,0,0,0,0,1.95,1.81,1.7,1.7,9,7,6,7,12,10,9,10,64,59,56,62,8,9,5,8,12,12,8,12,0.89,0.78,0.53,0.89,0,0,0,0,2,2,2,2,10.13,10.16,10.85,10.94,24.12,24.4,24.29,24.12,13.9,9.31,18.44,21.84
OF072522,Cage 5,3526651,Batch 2,Phase 1,4,10:11:05 AM,300,Open Field Zones.szm,Periphery,118.14,102.38,90.3,104.83,46,38,37,16,0,0,0,0,192.96,157.02,125.54,160.21,51.75,44.45,39.05,47.63,44.13,39.37,30.8,34.61,465,388,314,386,442,370,298,368,33.92,32.59,31.56,33.92,23,22,21,23,84.22,69.78,58.73,70.91,69,60,57,39,14.12,11.2,9.08,7.33,37.34,42.64,32.28,42.13,0,0,0,0,2.58,1.91,1.69,1.91,12,9,8,9,23,18,16,18,146,112,85,122,8,8,8,8,11,11,11,11,7.13,7.13,7.13,7.13,0,0,0,0,0,0,0,0,7.17,6.54,7.01,6.84,17.34,16.18,16.14,16.2,10.87,9.18,8.82,6.89
OF072522,Cage 5,3526651,Batch 2,Phase 1,4,10:11:05 AM,300,Open Field Zones.szm,Corner,74.69,66.64,60.3,66.1,21,20,23,10,127.81,127.95,128.19,128.19,70.53,41.37,24.99,34.8,13.34,7.94,3.81,5.4,9.53,3.18,0,1.27,270,209,165,204,255,197,157,191,14.13,14.13,14.13,14.13,11,11,11,11,60.56,52.51,46.17,51.97,32,31,34,21,5.6,6.56,6.11,2.74,78.55,,,,0,1,0,0,3.53,2.44,1.26,2.31,8,7,5,7,15,12,8,13,59,51,37,52,7,7,7,7,16,16,16,16,8.7,8.7,8.7,8.7,0,0,0,0,0,0,0,0,6.74,5.63,3.75,4.75,23.85,15.1,5.82,9.49,7.59,5.34,5.32,4.74
OF072522,Cage 5,3526651,Batch 2,Phase 1,4,10:11:05 AM,300,Open Field Zones.szm,Center,136.99,130.99,121.56,127.73,22,19,23,8,0.14,0.14,0.14,0.14,150.65,143.27,123.71,139.93,38.74,38.74,35.56,36.83,39.69,36.2,34.61,39.69,424,396,344,383,386,357,311,344,56.33,56.33,55,55,32,32,31,31,80.66,74.66,66.56,72.74,54,50,53,40,8.03,8.92,7.62,6.13,23.98,24.11,28.4,25.56,2,2,1,1,4.97,5.34,5.42,5.17,16,16,13,16,38,39,33,39,207,187,153,193,5,5,5,5,9,9,9,9,3.22,3.22,3.22,3.22,0,0,0,0,0,0,0,0,7.74,8.26,8.5,7.88,18.37,18.37,18.37,18.37,6.56,8.18,5.01,10.62
OF072522,Cage 6,3526726,Batch 2,Phase 1,1,9:56:26 AM,300,Open Field Zones.szm,Periphery,134.53,111.3,99.08,119.1,8,20,14,4,21.7,24.58,163.27,163.27,48.55,32.59,25.78,40.57,5.08,3.81,3.81,3.81,2.54,1.27,1.27,2.54,170,124,91,134,150,108,77,119,78.89,72.06,72.06,78.89,26,22,22,26,55.64,39.24,27.01,40.2,34,42,33,30,5.99,6.25,3.72,4.09,9.69,,,9.69,1,2,1,3,3.89,3.38,3.13,3.38,13,11,9,10,20,16,14,15,58,39,30,42,0,0,0,0,0,0,0,0,0,0,0,0,0,0,0,0,0,0,0,0,4.55,4.03,3.96,5.1,12.03,10.58,8.36,12.03,4.87,4.26,4.26,4.87
OF072522,Cage 6,3526726,Batch 2,Phase 1,1,9:56:26 AM,300,Open Field Zones.szm,Corner,28.84,15.64,11.11,17.61,13,8,5,4,23.5,178.25,179.08,179.08,17.44,9.72,5.92,9.62,0,0,0,0,0,0,0,0,60,30,18,37,54,30,18,33,7.77,3.52,3.52,3.52,5,2,2,2,21.08,12.12,7.59,14.09,17,9,6,5,5.39,3.26,1.16,2.24,,,,,0,0,0,0,1.22,0,0,0.52,3,0,0,2,6,0,0,4,16,7,5,14,0,0,0,0,0,0,0,0,0,0,0,0,0,0,0,0,0,0,0,0,6.64,3.18,3.87,3.72,16.7,5.13,5.13,5.13,5.51,2.65,2.58,2.93
OF072522,Cage 6,3526726,Batch 2,Phase 1,1,9:56:26 AM,300,Open Field Zones.szm,Center,179.58,173.06,154.36,163.27,10,12,3,0,0,0,0,0,32.21,27.4,15.24,18.52,1.27,1.27,0,1.27,3.81,3.81,2.54,2.54,138,122,82,103,130,114,74,95,129.84,129.84,123.02,123.02,33,33,29,29,49.73,43.22,31.34,40.25,43,44,31,30,9.22,5.84,2.56,6.02,26.93,26.93,26.93,26.93,2,3,2,2,1.88,1.88,1.88,1.88,4,4,4,4,8,8,8,8,33,28,25,33,1,1,1,1,2,2,2,2,0.22,0.22,0.22,0.22,0,0,0,0,0,0,0,0,3.76,3.55,2.59,3.35,9.35,10.05,3.96,9.35,3.67,3.52,3.25,2.99
OF072522,Cage 6,3526726,Batch 2,Phase 1,2,10:01:26 AM,300,Open Field Zones.szm,Periphery,151.75,104.53,69.24,99.53,61,57,46,23,21.7,24.58,163.27,163.27,405.11,320,231.76,326.57,92.08,74.3,49.53,76.2,127.32,113.03,90.17,119.7,634,467,335,469,610,453,328,448,31.28,21.61,12.92,18.1,20,13,9,13,120.47,82.92,56.32,81.44,80,67,54,36,20,15.4,11.02,13.04,46.6,38.37,21.82,45.6,0,0,3,2,2.05,0.91,0.53,1.8,15,9,4,12,24,14,7,21,217,136,74,159,9,7,6,6,15,13,11,11,2.1,2.1,2.02,2.02,0,0,0,0,2,1,1,2,8.14,8.69,9.22,9.08,17.41,18.56,18.86,16.99,7.56,16.31,12.03,10.41
OF072522,Cage 6,3526726,Batch 2,Phase 1,2,10:01:26 AM,300,Open Field Zones.szm,Corner,166.47,137.35,100.52,139.84,37,38,48,18,23.5,178.25,179.08,179.08,156.18,81.51,30.7,73,32.39,12.7,1.27,6.99,40.01,18.42,7.94,11.75,434,330,195,314,408,306,180,294,55.41,46.72,38.24,49.02,32,28,22,27,111.06,90.62,62.28,90.83,69,64,66,45,13.35,11.3,11.39,7.64,66.4,,,,3,3,0,1,4,3.76,2.48,2.98,17,15,10,14,26,24,15,20,119,86,32,84,17,17,16,17,41,41,40,41,11.39,10.58,10.09,11.39,0,0,0,0,0,0,0,0,5.72,4.59,3.62,4.17,14.16,14.31,18.44,13.84,9.61,4.63,2.73,4.54
OF072522,Cage 6,3526726,Batch 2,Phase 1,2,10:01:26 AM,300,Open Field Zones.szm,Center,66.72,58.12,47.73,56.78,22,18,12,7,0,0,0,0,157.23,133.09,98.8,126.65,17.78,10.16,3.81,11.43,29.53,25.08,21.27,25.08,342,292,232,281,320,275,215,263,6.75,6.75,5.56,6.75,6,6,5,6,59.97,51.37,42.17,50.03,28,23,17,13,8.81,8.78,5.6,6.78,54.29,41.06,19.3,43.45,1,1,1,1,2.58,2.45,2.45,2.45,12,9,9,10,22,17,17,18,157,130,92,126,2,2,2,2,3,3,3,3,0.58,0.58,0.58,0.58,1,1,0,1,0,0,0,0,8.96,9.43,8.56,8.99,16.62,15.78,16.49,15.12,11.29,11.43,13.29,13.48
OF072522,Cage 6,3526726,Batch 2,Phase 1,3,10:06:26 AM,300,Open Field Zones.szm,Periphery,158.88,104.7,75.55,112.46,67,76,55,24,21.7,24.58,163.27,163.27,275.88,208.73,131.99,207.28,63.82,54.29,40.96,57.15,66.68,47.94,30.8,53.34,587,417,278,427,544,390,261,397,28.52,20.16,17.5,23.06,19,13,11,15,130.36,84.55,58.05,89.39,86,89,66,39,17.39,18.01,12.69,11.75,35.47,33.79,6.15,42.12,2,0,0,0,5.38,3.98,2.81,4.25,21,13,8,14,43,27,17,30,202,90,45,144,17,16,13,14,35,35,29,30,9.58,8.62,7.55,8.81,1,0,0,1,1,1,2,1,7.59,8.13,8.18,7.72,22.67,17.65,17.63,18.3,10.15,7.17,6.41,9.58
OF072522,Cage 6,3526726,Batch 2,Phase 1,3,10:06:26 AM,300,Open Field Zones.szm,Corner,77.58,51.7,39.6,61.52,32,29,38,15,23.5,178.25,179.08,179.08,98.04,43.73,18.31,47.73,25.08,11.75,6.67,10.48,20.32,9.53,1.27,5.08,302,199,125,220,277,177,111,197,9.84,6.17,5.17,7.83,8,5,4,6,67.73,45.53,34.42,53.69,38,32,41,21,6.64,5.88,7.95,5.34,133.36,,,,0,0,0,0,2.5,1.95,1.74,2.47,13,10,8,12,25,22,14,23,101,62,39,93,11,12,12,11,30,27,27,29,8.13,6.89,6.5,7.53,0,0,0,0,0,0,0,0,6.11,5.83,4.55,5.35,13.49,13.49,13.69,12.32,7.85,6.92,9.67,6.33
OF072522,Cage 6,3526726,Batch 2,Phase 1,3,10:06:26 AM,300,Open Field Zones.szm,Center,153.61,143.6,101.53,122.36,42,47,29,13,0,0,0,0,258.75,227.02,185.3,220.29,25.08,23.81,19.37,22.23,62.23,53.02,42.55,50.8,604,537,417,507,556,493,387,469,28.92,28.92,21.56,24.36,21,21,16,18,124.69,114.68,79.97,98,61,66,45,31,15.23,15.09,9.33,10.72,60.98,50.36,37.46,63.07,0,0,0,0,6.14,6.75,3.91,4.53,23,20,14,18,48,44,30,38,274,236,171,225,8,8,8,8,12,12,11,11,1.95,1.95,1.81,1.81,0,0,0,0,3,1,1,1,7.91,8.08,8.28,8.39,17.65,17.65,17.49,17.65,9.29,11.46,10.58,9.79
OF072522,Cage 6,3526726,Batch 2,Phase 1,4,10:11:26 AM,300,Open Field Zones.szm,Periphery,154.22,115.09,94.25,113.72,62,42,39,20,21.7,24.58,163.27,163.27,243.79,173.63,139.96,194.09,75.25,64.45,55.25,69.53,28.26,20.32,20.32,24.13,479,357,262,366,458,345,253,352,47.94,40.82,34.47,35.61,25,19,14,15,106.28,74.28,59.78,78.11,85,61,51,36,16.56,10.51,11.31,10.39,20.64,20.65,5.32,15.17,1,0,0,1,6.03,2.5,2.17,3.37,11,7,5,8,21,12,9,14,148,95,58,97,14,13,12,12,23,22,21,21,5.39,5.39,5.39,5.39,0,0,0,0,0,0,0,0,8.26,7.91,8.76,8.11,13.65,22.14,26.16,18.07,10.94,13.08,26.57,8.05
OF072522,Cage 6,3526726,Batch 2,Phase 1,4,10:11:26 AM,300,Open Field Zones.szm,Corner,146.86,129.64,101.95,135.66,23,23,46,14,23.5,178.25,179.08,179.08,83.96,59.21,28.61,49.59,19.37,10.16,5.08,6.35,1.27,1.27,0,1.27,358,282,198,293,320,246,178,260,52,46.8,39.33,52,35,31,25,35,94.86,82.84,62.62,83.65,58,53,67,49,8.57,8.72,13.7,5.29,149.49,,,,0,0,0,1,9.81,10.1,5.91,8.58,21,20,9,18,38,36,20,33,128,104,60,115,19,18,18,19,47,46,46,47,12.24,12.24,12.24,12.24,0,0,0,0,0,0,0,0,5.32,4.42,3.82,4.37,10.94,11.51,13.79,10.94,7.11,4.44,4.02,5.11
OF072522,Cage 6,3526726,Batch 2,Phase 1,4,10:11:26 AM,300,Open Field Zones.szm,Center,61.2,55.27,43.83,49.89,28,20,17,10,0,0,0,0,191.45,176.23,136.68,163.39,24.45,24.45,18.73,23.18,41.28,41.28,34.61,37.47,347,312,252,302,339,304,245,295,8.58,7.44,7.44,7.44,6,5,5,5,52.63,47.83,36.39,42.45,33,25,22,15,10.65,8.89,5.96,6.18,33.44,36.17,27.96,37.29,0,0,0,0,0.22,0.53,0.2,0.2,5,5,4,4,8,8,7,7,201,169,124,165,4,4,3,4,5,5,4,5,0.33,0.33,0.33,0.33,0,0,0,0,0,0,0,0,10.97,11.59,11.78,11.4,20.3,22.25,24.75,22.74,16.57,13.45,13.93,15.56
OF072522,Cage 7,3526624,Batch 2,Phase 1,1,9:56:43 AM,300,Open Field Zones.szm,Periphery,26.51,18.22,13.49,18.14,19,12,9,4,257.53,258.91,260.2,260.2,53,40.45,28.58,40.01,12.7,9.84,9.84,11.11,10.16,8.89,8.89,8.89,138,106,82,107,129,101,75,102,1.39,0.14,0.14,0.14,1,0,0,0,25.12,18.08,13.35,18,20,12,9,4,2.67,3.27,2.05,2.73,93.97,64.99,142.4,94.5,0,0,0,0,2.45,1.98,2.44,1.98,3,2,3,2,9,5,7,5,75,58,41,63,0,0,0,0,0,0,0,0,0,0,0,0,0,0,0,0,1,1,0,0,6.26,6.65,6.13,6.78,10.72,11.94,13.85,11.26,5.3,8.84,7.62,13.27
OF072522,Cage 7,3526624,Batch 2,Phase 1,1,9:56:43 AM,300,Open Field Zones.szm,Corner,25.67,22.44,15.91,21.66,6,8,18,3,265.78,266.02,266.22,266.22,23.68,14.85,5.05,14.29,1.27,1.27,0,0,1.27,1.27,0,1.27,91,74,38,65,82,66,36,56,2.56,2.56,2.56,2.56,2,2,2,2,23.11,19.87,13.35,19.09,8,10,20,5,2.25,1.8,2.95,0.97,,,,,0,0,0,0,0.84,0.63,0.66,0.84,3,3,1,3,9,8,2,9,34,26,4,28,0,0,0,0,0,0,0,0,0,0,0,0,0,0,0,0,0,0,0,0,5.62,5.14,3.27,5.36,10.68,10.72,5.27,8.29,6.26,6.5,2.77,5.53
OF072522,Cage 7,3526624,Batch 2,Phase 1,1,9:56:43 AM,300,Open Field Zones.szm,Center,261.17,259.34,257.58,260.2,4,3,0,0,0,0,0,0,48.83,44.89,42.14,45.89,3.18,3.18,1.59,3.18,9.84,9.84,9.84,9.84,165,144,138,149,146,127,121,130,212.22,212.22,210.97,212.22,22,22,21,22,48.95,47.12,46.61,47.98,27,25,22,23,5.75,5.63,4.5,5.29,127.16,127.16,127.16,127.16,0,0,0,0,4.05,3.76,3.76,4.05,11,10,10,11,19,17,17,19,42,40,40,42,1,1,1,1,0,0,0,0,0.09,0.09,0.09,0.09,0,0,0,0,1,1,1,1,4.42,3.8,3.67,3.8,13.03,10.16,10.16,10.16,5.14,3.98,6.3,3.98
OF072522,Cage 7,3526624,Batch 2,Phase 1,2,10:01:43 AM,300,Open Field Zones.szm,Periphery,107.14,82.53,62.2,76.51,54,37,28,21,257.53,258.91,260.2,260.2,334.56,280.47,215.43,268.89,80.96,73.34,61.28,72.07,89.85,89.85,81.92,87,465,388,299,374,441,371,287,356,16.64,15.5,14.28,14.28,8,7,6,6,90.49,67.03,47.92,62.23,61,44,34,27,16.23,11.4,6.91,9.37,28.22,40.12,10.07,15.01,0,0,0,0,2.73,2.12,1.34,1.8,12,7,6,9,24,17,12,18,149,106,63,105,4,4,4,4,4,4,4,4,1.28,1.03,1.03,1.03,0,0,0,0,2,2,2,2,9.09,8.85,8.61,8.77,16.81,16.81,16.96,15.49,14.85,16.25,14.4,14.44
OF072522,Cage 7,3526624,Batch 2,Phase 1,2,10:01:43 AM,300,Open Field Zones.szm,Corner,198.95,181.91,161.08,186.59,25,25,39,18,265.78,266.02,266.22,266.22,128.41,77.25,35.98,74.89,19.69,10.16,3.81,7.62,13.02,6.67,6.67,6.67,410,334,251,332,353,283,209,280,77.99,76.77,75.63,77.99,43,42,41,43,120.97,105.14,85.45,108.61,68,65,75,61,10.05,8.06,8.86,8.94,87.1,,,,2,0,2,1,13.39,12.37,9.8,11.72,30,27,21,28,57,51,42,52,139,112,90,117,13,13,12,13,20,20,19,20,5.75,5.75,5.75,5.75,0,0,0,0,0,0,0,0,4.61,3.95,3.52,3.6,14.36,12.57,10.75,10.75,4.85,5,4.23,4.18
OF072522,Cage 7,3526624,Batch 2,Phase 1,2,10:01:43 AM,300,Open Field Zones.szm,Center,40.16,35.56,31.79,34.93,11,12,15,7,0,0,0,0,73.7,55.74,42.91,57.95,9.84,7.3,6.03,9.84,7.94,6.35,6.35,7.94,178,147,119,146,165,134,108,135,7.58,7.58,7.58,7.58,4,4,4,4,32.58,27.99,24.21,27.35,15,16,19,11,3.83,3,4.05,2.66,135.87,180.97,229.25,170.29,1,0,1,1,2.61,2.61,2.47,2.47,5,5,4,4,13,13,11,11,60,54,36,48,0,0,0,0,0,0,0,0,0,0,0,0,1,1,1,1,0,0,0,0,8.55,7.12,7.4,7.69,18.99,13.72,15.24,12.91,11.16,12.01,5.13,11.16
OF072522,Cage 7,3526624,Batch 2,Phase 1,3,10:06:43 AM,300,Open Field Zones.szm,Periphery,168.19,139.57,109.24,131.66,37,37,32,18,257.53,258.91,260.2,260.2,259.56,203.42,160.1,199.29,65.41,59.06,52.71,62.87,70.49,58.1,51.12,59.37,456,380,278,360,428,357,260,333,65.92,57.51,44.16,50.89,33,29,22,24,102.27,82.05,65.08,80.77,70,66,54,42,15.49,11.47,12.25,9.85,49.52,28.11,52.01,41.81,2,0,0,0,5.63,5.22,3.6,5.53,14,10,8,13,28,23,18,27,113,89,62,95,8,7,9,7,13,10,10,10,4.36,4.19,3.42,4.19,0,0,0,0,0,0,1,0,7.86,7.27,7.58,7.32,17.15,16.06,15.7,15.26,10.61,9.6,9.83,9.4
OF072522,Cage 7,3526624,Batch 2,Phase 1,3,10:06:43 AM,300,Open Field Zones.szm,Corner,142.49,115.95,91.03,121.44,27,25,26,15,265.78,266.02,266.22,266.22,84.76,54.97,27.42,51.86,17.78,11.43,6.35,7.62,15.88,10.16,6.35,8.89,285,217,158,231,252,185,132,202,54.63,41.27,32.89,45.97,25,18,14,22,87.86,74.68,58.14,75.47,51,40,39,37,8.09,7.08,6.34,5.86,,,,,3,1,2,3,9.22,8.98,7.75,8.23,18,18,15,15,33,32,26,29,103,90,61,87,14,10,10,11,28,26,26,27,13,13,13,13,0,0,0,0,0,0,0,0,5.19,4.18,3.14,3.71,20.54,22.59,4.9,8.87,11.37,4.25,5.22,3.85
OF072522,Cage 7,3526624,Batch 2,Phase 1,3,10:06:43 AM,300,Open Field Zones.szm,Center,48.78,44.48,40.78,44.38,12,13,11,7,0,0,0,0,166.26,150.03,121.44,148.76,23.81,23.81,22.54,23.81,35.88,34.61,26.04,34.61,242,211,179,215,235,204,172,208,7.53,7.53,7.5,7.5,6,6,6,6,41.25,36.95,33.28,36.88,18,19,17,13,6.98,5.64,4.99,5.4,25.07,29.8,38.17,30.57,0,0,0,0,1.44,1.44,1.44,1.44,4,4,4,4,7,7,7,7,64,51,44,55,1,1,0,0,3,3,0,0,0.17,0.17,0,0,0,0,0,0,0,0,0,0,10.06,10,9.41,9.78,20.24,22.7,23.49,20.24,15.55,18.66,11.7,22.17
OF072522,Cage 7,3526624,Batch 2,Phase 1,4,10:11:43 AM,300,Open Field Zones.szm,Periphery,168.81,104.31,68.94,96.42,86,51,50,25,257.53,258.91,260.2,260.2,193.57,127.66,88.8,134.05,41.91,27.62,21.27,31.75,13.97,12.7,8.89,11.43,510,373,252,361,476,352,245,345,41.63,24.3,14.52,17.56,23,13,8,10,127.19,80.02,54.42,78.86,106,62,58,35,24.76,14.55,12.25,9.16,72.03,47.78,11.91,11.3,2,3,1,0,9.33,6.61,2.86,4.41,16,11,4,9,34,21,7,16,184,114,54,115,14,12,12,14,14,12,12,14,2.38,1.86,1.27,2.38,0,0,0,0,0,0,1,0,6.05,6.09,5.72,5.4,11.86,12.46,11.76,12.09,6.43,7.94,6.67,5.81
OF072522,Cage 7,3526624,Batch 2,Phase 1,4,10:11:43 AM,300,Open Field Zones.szm,Corner,146.66,120.3,77.44,125.63,38,31,54,16,265.78,266.02,266.22,266.22,76.13,50.57,19.68,43.23,11.43,6.35,2.54,3.81,5.08,2.54,2.54,2.54,304,238,136,245,254,195,117,198,44.81,37.45,24.8,44.81,26,22,15,26,101.84,82.84,52.64,80.81,64,53,63,42,16.8,11.93,11.92,7.05,274.73,,,,0,0,0,2,11.51,10.64,3.87,11.05,21,18,10,20,50,43,19,47,104,80,38,93,12,11,10,10,17,16,15,15,4.97,4.97,4.97,4.97,0,0,0,0,0,0,0,0,4.7,4.73,3.89,4.57,13.29,14.62,10.24,13.91,7.98,5.33,3.32,4.67
OF072522,Cage 7,3526624,Batch 2,Phase 1,4,10:11:43 AM,300,Open Field Zones.szm,Center,91.69,75.39,53.75,66.53,37,21,33,14,0,0,0,0,186.26,161.06,126.04,158.21,41.91,39.37,28.89,37.78,15.88,14.61,13.34,15.88,332,269,202,266,313,253,196,256,17.58,15.15,10.48,11.61,10,9,6,7,74.11,60.24,43.27,54.93,47,30,38,20,9.51,7.42,6.87,5.95,66.3,82.54,46.11,58.53,0,0,1,1,3.63,2.27,0.74,1.77,11,9,4,6,19,16,6,10,99,72,29,67,7,7,4,4,7,7,5,5,0.89,0.89,0.89,0.89,1,1,1,1,0,0,0,0,7.32,7.57,7.53,8.67,13.8,14.14,11.84,18.34,9.01,9.9,13.81,13.84
OF072522,Cage 8,3526701,Batch 2,Phase 1,1,9:56:58 AM,300,Open Field Zones.szm,Periphery,261.61,260.1,247.53,258.55,9,6,7,6,0,0,0,0,61.11,60.1,58.2,59.1,8.68,8.68,8.68,8.68,18.1,18.1,18.1,18.1,281,274,268,273,200,193,189,192,162.69,162.69,154.36,162.69,36,36,34,36,98.93,97.41,93.18,95.86,46,43,42,43,6.77,5.94,4.89,4.97,121.81,121.81,121.81,121.81,3,3,1,1,22.8,22.8,22.5,22.8,30,30,30,30,81,81,79,81,132,132,127,129,2,2,2,2,4,4,4,4,0.81,0.81,0.81,0.81,0,0,0,0,0,0,0,0,3.91,3.88,3.87,3.86,7.44,7.44,7.44,7.44,4.79,4.79,5.16,4.79
OF072522,Cage 8,3526701,Batch 2,Phase 1,1,9:56:58 AM,300,Open Field Zones.szm,Corner,50.34,37.78,36.26,39.33,6,5,8,5,14.22,14.22,14.22,14.22,22.77,20.86,19.86,21.87,1.27,1.27,1.27,1.27,6.35,6.35,6.35,6.35,93,86,78,90,84,77,70,81,19.95,11.63,11.63,11.63,8,6,6,6,30.39,26.15,24.64,27.7,14,11,14,11,3.06,2.67,1.98,2.19,,,,,0,0,0,0,1.14,1.14,1.08,1.14,5,5,5,5,9,9,8,9,23,22,15,18,1,1,1,1,6,6,6,6,1.86,1.86,1.86,1.86,0,0,0,0,0,0,0,0,3.56,3.8,3.61,3.77,5.44,5.44,5.04,5.44,4.18,4.28,3.76,4.28
OF072522,Cage 8,3526701,Batch 2,Phase 1,1,9:56:58 AM,300,Open Field Zones.szm,Center,2.13,2.13,2.13,2.13,1,1,1,1,0.66,0.66,0.66,0.66,29.13,29.13,29.13,29.13,12.91,12.91,12.91,12.91,24.13,24.13,24.13,24.13,8,8,8,8,8,8,8,8,1.11,1.11,1.11,1.11,1,1,1,1,1.02,1.02,1.02,1.02,2,2,2,2,0.22,0.22,0.22,0.22,25.35,25.35,25.35,25.35,1,1,1,1,0,0,0,0,0,0,0,0,0,0,0,0,0,0,0,0,0,0,0,0,0,0,0,0,0,0,0,0,0,0,0,0,0,0,0,0,0,0,0,0,0,0,0,0,0,0,0,0
OF072522,Cage 8,3526701,Batch 2,Phase 1,2,10:01:58 AM,300,Open Field Zones.szm,Periphery,146.2,128.27,109,127.35,58,56,56,34,0,0,0,0,389.02,344.31,291.19,350.99,160.34,145.73,129.86,152.72,75.25,69.85,61.6,71.12,616,554,454,553,584,525,435,524,23.43,20.82,18.6,19.88,15,13,11,12,122.77,107.45,90.4,107.47,73,69,68,47,20.54,19.11,17.77,14.46,48.81,39.35,45.37,55.34,4,4,3,3,3.22,3.17,1.81,2.8,13,11,8,13,32,29,19,29,164,144,98,145,3,3,3,3,6,6,6,6,0.84,0.84,0.84,0.84,2,2,1,2,1,1,1,1,6.84,7.13,6.64,6.85,19.89,19.89,12.07,19.89,4.06,8.34,8.47,8.45
OF072522,Cage 8,3526701,Batch 2,Phase 1,2,10:01:58 AM,300,Open Field Zones.szm,Corner,182.11,165.55,148.43,166.39,47,46,48,27,14.22,14.22,14.22,14.22,156.26,109.48,71.9,106.65,50.17,35.56,23.5,29.85,20.64,13.65,10.8,14.92,477,393,312,392,442,360,291,365,64.61,62.39,59.78,63.33,35,33,31,34,117.5,103.15,88.64,103.06,81,78,75,60,12.89,10.42,12.41,9.47,193.62,,,199.35,1,0,0,0,6.44,6.03,3.33,4.92,18,17,12,15,35,33,21,27,172,139,104,142,6,6,6,6,10,10,10,10,1.75,1.75,1.75,1.75,0,0,0,0,0,0,0,0,5.12,4.32,3.97,4.58,16.26,10.85,10.85,16.26,6.3,5.23,4.87,4.75
OF072522,Cage 8,3526701,Batch 2,Phase 1,2,10:01:58 AM,300,Open Field Zones.szm,Center,9.34,6.19,5.38,6.27,11,10,10,7,0.66,0.66,0.66,0.66,25.44,17.75,10.63,13.9,8.26,6.99,4.45,5.72,7.94,6.67,4.13,4.13,65,40,28,42,65,40,28,40,1.08,1.08,1.08,1.08,1,1,1,1,8.26,5.11,4.3,5.19,12,11,11,8,2.23,2,1.81,1.44,,,,,0,0,0,0,0,0,0,0.45,0,0,0,1,0,0,0,2,11,5,0,8,0,0,0,0,0,0,0,0,0,0,0,0,0,0,0,0,0,0,0,0,7.47,7.66,4.53,8.49,13.1,13.64,6.9,13.99,9.46,8.14,4.9,9.87
OF072522,Cage 8,3526701,Batch 2,Phase 1,3,10:06:58 AM,300,Open Field Zones.szm,Periphery,137.76,129.7,115.1,128.2,33,41,31,19,0,0,0,0,246.71,208.04,161.05,208.14,44.13,37.15,27.94,38.74,83.19,76.84,66.36,77.79,436,384,312,380,415,363,291,359,38.02,38.02,36.94,36.94,20,20,19,19,99.74,91.68,78.16,91.27,54,62,51,39,14.53,13.63,10.22,9.97,66.64,88.66,70.87,65.06,2,2,3,3,4.49,4.49,4.49,4.49,9,9,9,9,21,21,21,21,116,96,66,89,7,7,7,7,9,9,9,9,3.64,3.64,3.64,3.64,1,1,1,1,0,0,0,0,7.6,6.59,6.28,7.2,19.85,19.83,21.05,24.32,8.85,10.22,6.78,9.69
OF072522,Cage 8,3526701,Batch 2,Phase 1,3,10:06:58 AM,300,Open Field Zones.szm,Corner,133.51,126.05,121.75,127.58,16,18,19,11,14.22,14.22,14.22,14.22,86.44,58.62,38.8,58.13,11.11,6.35,3.81,5.08,20.64,14.29,7.94,9.21,246,212,175,216,213,179,145,183,75.51,74.44,74.44,75.51,36,35,35,36,58,51.61,47.32,52.07,52,53,50,47,6.39,4.52,3.89,3.87,47.49,,,,1,1,0,1,6.44,6.44,6.28,6.44,11,11,10,11,33,33,30,33,58,50,41,58,11,11,11,11,17,17,17,17,5.99,5.99,5.99,5.99,0,0,0,0,0,0,0,0,5.07,4.7,4.32,4.75,12.85,14.4,10.63,10.63,9.72,7.65,6.13,7.18
OF072522,Cage 8,3526701,Batch 2,Phase 1,3,10:06:58 AM,300,Open Field Zones.szm,Center,51.64,44.25,40.49,44.01,17,23,14,9,0.66,0.66,0.66,0.66,138.12,115.04,96.19,113.53,29.85,25.4,20.96,25.08,9.21,5.08,5.08,9.21,272,235,207,233,260,225,197,223,4.22,4.22,4.22,4.22,2,2,2,2,47.42,40.04,36.27,39.8,19,25,16,11,8.32,8.59,6.64,6.12,48.07,33.63,44.82,61.47,0,0,0,0,0.87,0.78,0.78,0.78,6,5,5,5,12,10,10,10,131,99,92,111,0,0,0,0,0,0,0,0,0,0,0,0,1,0,0,1,0,0,0,0,9.6,9.9,9.99,9.22,15.85,17.28,15.76,17.03,15.93,11.46,11.37,12.03
OF072522,Cage 8,3526701,Batch 2,Phase 1,4,10:11:58 AM,300,Open Field Zones.szm,Periphery,145.05,136.18,80.85,89.64,52,53,23,15,0,0,0,0,211.02,179.32,146.68,182.74,47.63,42.55,38.42,44.77,62.55,54.93,51.12,58.74,342,305,233,284,317,278,213,264,68.12,68.12,29.16,30.17,28,28,16,17,76.93,68.05,51.69,59.47,74,74,40,33,16.18,13.04,9.14,8.58,38.63,25.13,24.2,23.13,2,1,0,0,3.77,4.77,3.3,3.3,13,13,11,11,25,27,20,20,85,63,39,61,4,4,4,4,4,4,4,4,1.75,1.75,1.75,1.75,1,1,0,0,1,1,1,1,7.22,6.7,7.42,7.3,16.34,16.34,16.88,16.88,8.84,11.98,11.86,8.75
OF072522,Cage 8,3526701,Batch 2,Phase 1,4,10:11:58 AM,300,Open Field Zones.szm,Corner,164.62,114.82,110.29,160.41,11,37,39,9,14.22,14.22,14.22,14.22,55.79,36.02,24.89,36.64,9.84,5.72,3.18,6.03,14.29,10.48,6.67,6.67,229,166,138,201,202,151,123,174,97.2,59.78,59.78,96.19,37,26,26,36,67.42,55.04,50.51,64.22,48,56,57,45,7.05,8.91,9.89,4.48,201.27,282.55,,,1,0,0,1,7.39,6.45,6.45,7.39,11,6,6,11,27,15,15,27,49,30,28,49,3,3,3,3,4,4,4,4,2.31,2.31,2.31,2.31,0,0,0,0,0,0,0,0,3.66,3.42,2.87,3.03,8.48,6.09,5.09,7.47,3.67,3.46,3.1,3.03
OF072522,Cage 8,3526701,Batch 2,Phase 1,4,10:11:58 AM,300,Open Field Zones.szm,Center,54.83,49,44.66,49.75,16,17,14,8,0.66,0.66,0.66,0.66,111.77,98,77.44,91.27,15.24,15.24,12.7,12.7,24.13,24.13,20.32,24.13,211,177,154,181,201,169,147,171,18.53,16.99,16.99,18.53,9,8,8,9,36.29,32.01,27.67,31.22,25,24,20,17,4.27,4.69,3.16,3,46.8,12.32,57.99,51.51,1,0,0,0,0.55,0.44,0.42,0.55,7,6,5,7,10,8,7,10,84,72,56,80,0,0,0,0,0,0,0,0,0,0,0,0,0,0,0,0,0,0,0,0,9.75,9.67,9.46,10.78,24.66,20.3,28.21,25.42,13.13,13.38,12.87,13.73
OF072522,Cage 9,3526354,Batch 2,Phase 1,1,9:57:36 AM,300,Open Field Zones.szm,Periphery,97.2,76.79,62.19,72.66,49,44,33,22,0,0,0,0,290.99,238.07,196.18,250.42,82.87,72.71,66.99,80.33,91.76,81.92,74.3,82.87,428,363,291,356,418,357,285,348,21.56,15.11,12.92,13.94,12,8,7,8,75.34,61.38,48.98,58.42,59,51,40,30,11.86,10.13,9.86,8.75,25.19,17.89,19.55,27.24,1,1,1,1,1.69,0.56,0.61,0.61,5,4,4,4,10,6,6,8,140,112,74,107,3,3,2,2,3,3,2,2,0.31,0.31,0.13,0.13,0,1,1,1,2,1,1,2,9.5,9.17,9.45,10.07,20.41,16.64,18.16,20.11,12.38,14.28,10.85,16.65
OF072522,Cage 9,3526354,Batch 2,Phase 1,1,9:57:36 AM,300,Open Field Zones.szm,Corner,78.19,65.92,48.96,71,24,27,34,14,125.2,125.42,125.94,125.94,92.05,66.19,39.64,55.39,23.5,16.51,8.89,8.89,9.53,5.72,2.54,2.54,281,223,156,225,265,212,151,211,20.53,18.35,11.89,19.52,13,12,8,12,57.65,47.58,37.07,51.49,37,39,40,26,5.46,6.55,7.59,3.58,162.52,,,,1,0,0,0,3.1,2.86,0.5,3.06,8,6,3,7,16,11,5,14,95,66,38,84,7,6,6,7,6,6,6,6,2.06,1.88,1.88,2.06,0,0,0,0,0,0,0,0,6.18,5.4,4.36,5.3,10.69,9.79,8.71,10.69,7.86,5.47,4.62,5.86
OF072522,Cage 9,3526354,Batch 2,Phase 1,1,9:57:36 AM,300,Open Field Zones.szm,Center,160.26,157.29,153.85,156.03,16,17,15,11,0.3,0.3,0.3,0.3,249.06,229.82,203.44,225.47,61.91,61.91,59.37,61.91,79.69,75.88,69.22,78.11,337,307,285,308,320,290,268,291,87.98,87.98,87.98,87.98,30,30,30,30,72.28,69.31,65.86,68.05,46,47,44,41,10.54,10.08,9.11,9.36,11.74,10.1,10.35,11.6,5,5,4,5,5.3,5.3,5.3,5.3,11,11,11,11,17,17,17,17,73,67,64,73,0,0,0,0,0,0,0,0,0,0,0,0,1,1,1,1,0,0,0,0,8.15,8.21,7.88,8.17,19.28,19.47,20.2,19.33,7.3,3.62,3.62,3.05
OF072522,Cage 9,3526354,Batch 2,Phase 1,2,10:02:36 AM,300,Open Field Zones.szm,Periphery,154.79,139.16,115.2,137.58,47,55,58,27,0,0,0,0,338.89,297.23,234.11,297.49,112.71,110.17,98.11,108.9,87.31,77.47,59.69,78.42,601,522,407,522,550,479,375,475,42.39,40.31,37.44,39.52,22,21,19,20,112.4,98.84,77.77,98.06,70,75,73,47,17.68,15.31,11.81,11.64,48.98,44.53,45.48,51.22,0,1,0,1,8.18,7.41,5.58,7.58,25,22,16,23,51,43,32,47,226,186,132,200,11,11,11,11,12,12,12,12,5.56,5.56,5.56,5.56,0,1,1,0,2,1,1,2,9.1,8.99,9.72,9.11,25.14,23.54,22.24,25.14,12.23,12.7,13.48,11.89
OF072522,Cage 9,3526354,Batch 2,Phase 1,2,10:02:36 AM,300,Open Field Zones.szm,Corner,54.05,39.27,35.22,44.98,36,18,18,11,125.2,125.42,125.94,125.94,65.55,33.55,16.25,28.62,14.61,5.08,2.54,5.08,16.19,8.89,4.13,4.13,206,132,97,132,196,126,93,122,15.44,12.61,12.61,15.44,11,9,9,11,38.56,26.66,22.61,29.5,47,27,27,22,7.48,4.88,3.11,2.64,,,,,1,0,0,0,1.84,1,0.58,1.84,5,4,3,5,10,6,4,10,41,23,18,30,11,11,11,11,14,14,14,14,5.64,5.64,5.64,5.64,0,0,0,0,0,0,0,0,6.49,4.52,4.11,4.42,24.07,10.09,7.43,10.09,6.59,5.17,3.99,6.29
OF072522,Cage 9,3526354,Batch 2,Phase 1,2,10:02:36 AM,300,Open Field Zones.szm,Center,134.37,121.58,109.99,116.75,38,38,30,18,0.3,0.3,0.3,0.3,313.77,278.95,254.6,281.35,58.1,55.56,55.56,56.83,88.27,77.79,72.71,80.33,588,528,469,527,554,503,446,499,30.97,30.97,28.89,28.89,17,17,16,16,103.4,90.61,81.1,87.86,55,54,44,34,13.51,11.96,11.13,9.14,42.79,47.82,55.26,47.24,0,0,0,0,4.64,3.14,2.75,3.34,15,11,10,12,34,25,23,28,238,203,171,212,3,3,3,3,4,4,4,4,0.47,0.47,0.47,0.47,2,0,2,2,1,0,0,0,9.51,9.92,9.78,9.23,22.19,21.43,22.87,20.46,13.27,11.7,12.06,11.29
OF072522,Cage 9,3526354,Batch 2,Phase 1,3,10:07:36 AM,300,Open Field Zones.szm,Periphery,169.39,144.69,124.5,146.58,58,62,71,38,0,0,0,0,401.81,354.54,289.79,342.67,88.27,77.47,65.72,73.66,123.83,113.03,100.97,115.57,618,536,430,529,593,512,415,512,57.59,50.78,48.16,52.88,32,28,26,29,111.8,93.91,76.35,93.7,89,88,93,67,15.23,16.28,18.12,11.14,21.86,20.07,5.06,11.52,2,0,1,3,5.11,3.61,2.33,2.48,12,12,8,9,25,24,15,17,126,99,48,101,12,12,11,11,22,22,18,21,4.89,4.89,4,4.89,0,0,0,0,2,2,2,2,10.28,10.81,11.37,9.74,22.97,26.88,27.17,27.17,14.11,15.6,11.2,13.94
OF072522,Cage 9,3526354,Batch 2,Phase 1,3,10:07:36 AM,300,Open Field Zones.szm,Corner,59.42,53.33,36.38,50.77,32,26,22,13,125.2,125.42,125.94,125.94,84.44,48.59,26.92,48.35,18.73,10.8,8.26,12.07,22.23,14.29,6.35,8.89,224,164,95,147,221,161,95,144,22.69,22.69,15.87,20.59,13,13,9,12,36.73,30.64,20.5,30.17,44,38,31,25,8.14,6.79,5.69,2.53,,,,,0,0,0,0,1.7,1.7,0,1.7,1,1,0,1,3,3,0,3,13,11,1,9,10,10,10,10,13,13,13,13,3.81,3.81,3.81,3.81,0,0,0,0,0,0,0,0,6.72,5.05,4.76,5.22,15.39,10.44,9.91,11.84,9.17,4.93,5.12,3.89
OF072522,Cage 9,3526354,Batch 2,Phase 1,3,10:07:36 AM,300,Open Field Zones.szm,Center,117.06,101.99,94.24,102.42,48,37,36,27,0.3,0.3,0.3,0.3,320.42,286.12,260.53,297.33,102.24,98.43,90.17,100.97,81.28,77.15,74.3,80.01,554,491,449,505,524,465,424,477,20.06,17.44,17.44,17.44,14,12,12,12,97,84.55,76.8,84.98,61,50,49,40,14.56,12.69,11.41,11.5,40.04,34.85,23.24,31.77,1,2,2,2,2.77,2.36,2.14,2.61,15,12,12,14,30,26,25,28,207,175,161,191,6,5,5,5,10,6,6,7,1.14,0.66,0.66,0.83,0,0,0,0,1,1,0,1,9.85,9.68,9.94,10,23.03,26.13,26.13,26.13,15.82,9.02,13.04,11.4
OF072522,Cage 9,3526354,Batch 2,Phase 1,4,10:12:36 AM,300,Open Field Zones.szm,Periphery,161.58,143.78,126.72,142.92,72,59,59,37,0,0,0,0,469.03,409.94,335.61,399.9,141.29,119.38,101.28,127.32,99.38,97.47,86.04,97.47,764,685,560,665,724,647,535,635,34.72,33.6,32.54,33.66,23,22,21,22,126.85,110.18,94.18,109.26,94,79,79,58,22.43,17.7,18.41,17.47,38.55,42.63,54.24,43.71,1,1,0,0,5.39,5.03,2.28,4.22,17,17,13,15,40,38,25,30,259,214,143,220,13,13,13,13,19,19,19,19,3.7,3.7,3.7,3.7,0,0,0,0,0,0,0,0,10.78,10.21,9.94,10.44,21.73,21.59,19.02,21.59,11.68,14.43,19.34,13.96
OF072522,Cage 9,3526354,Batch 2,Phase 1,4,10:12:36 AM,300,Open Field Zones.szm,Corner,108.24,97.8,83.49,97.39,33,31,40,22,125.2,125.42,125.94,125.94,123.81,80.96,43.22,70.5,39.05,24.77,8.89,14.29,19.69,10.8,8.89,8.89,358,286,203,277,329,266,188,250,39.13,38.06,36.94,38,23,22,21,22,69.11,59.73,46.55,59.39,56,52,59,44,11.51,10.86,9.09,7.19,82.73,,,,1,1,0,0,3.83,2.41,1.95,3.55,12,9,6,11,29,20,15,27,79,57,32,67,14,14,14,14,15,15,15,15,5.36,5.36,5.36,5.36,0,0,0,0,0,0,0,0,7.33,5.94,5,5.6,19.29,16.41,14.71,14.71,8.19,6.89,4.93,6.67
OF072522,Cage 9,3526354,Batch 2,Phase 1,4,10:12:36 AM,300,Open Field Zones.szm,Center,67.47,58.42,54.94,59.17,37,28,32,19,0.3,0.3,0.3,0.3,260.84,220.88,199.52,235.14,63.82,60.01,53.98,61.28,61.6,59.06,59.06,59.06,400,344,306,355,375,324,284,335,17.89,16.83,16.83,16.83,12,11,11,11,49.58,41.6,38.11,42.35,50,40,44,31,8.53,5.94,8.22,6.39,42.22,36.29,17.71,40.33,2,2,3,3,3.56,2.44,2.66,2.44,10,10,11,10,25,20,22,20,133,109,102,120,2,2,2,2,3,3,3,3,0.17,0.17,0.17,0.17,1,1,1,1,1,2,2,2,13.18,13.3,12.62,13.46,27.12,27.12,29.21,29.21,15.52,26.52,17.57,16.93
OF072522,Cage 10,3526329,Batch 2,Phase 1,1,9:57:51 AM,300,Open Field Zones.szm,Periphery,268.75,256.05,230.43,256.99,24,33,45,16,0.34,0.34,0.34,0.34,119.49,104.03,85.81,106.96,36.51,32.07,29.53,33.97,37.78,34.61,30.8,36.51,331,304,242,304,296,272,217,271,183.2,178.22,169.5,181.3,67,64,60,66,85.55,77.83,60.93,75.69,91,97,100,82,9.91,12.24,9.41,8.09,162.87,167.09,178.21,149.44,3,0,0,2,7.34,6.78,6.12,6.91,21,19,15,20,35,32,25,33,108,96,40,104,4,3,3,4,5,4,3,5,0.53,0.53,0.44,0.53,1,1,1,1,0,0,0,0,5.02,4.97,4.68,4.96,11.2,10.87,10.74,12.44,4.46,6.53,3.98,5.71
OF072522,Cage 10,3526329,Batch 2,Phase 1,1,9:57:51 AM,300,Open Field Zones.szm,Corner,48.54,31.48,20.08,28.22,28,20,14,10,0,0,0,0,45.96,30.65,17.32,27.58,13.34,10.8,8.26,10.8,10.8,6.99,3.81,3.81,119,82,53,79,113,80,52,76,19.69,10.97,5.99,7.89,11,7,4,5,28.51,20.17,13.75,19.98,35,26,17,15,5.79,5.2,2.28,4.28,,,,,0,0,0,0,0.53,0.03,0.03,0.47,4,2,1,2,6,2,1,3,14,7,2,10,3,3,2,2,4,4,3,3,0.58,0.58,0.58,0.58,0,0,0,0,0,0,0,0,6.31,4.93,4.08,4.49,16.42,8.88,5.7,5.38,10.67,7.32,5.89,5.38
OF072522,Cage 10,3526329,Batch 2,Phase 1,1,9:57:51 AM,300,Open Field Zones.szm,Center,21.28,12.47,11.17,14.8,20,12,9,5,0.45,0.45,0.45,0.45,36.47,31.4,29.27,31.54,26.35,26.35,24.45,24.45,2.54,1.27,1.27,2.54,71,41,30,44,68,40,30,42,4.39,4.39,4.39,4.39,2,2,2,2,16.89,8.08,6.78,10.41,22,14,11,7,4.55,2.81,3.23,2.12,,,,,0,0,0,0,0.83,0.41,0,0.69,2,1,0,2,3,1,0,2,15,11,8,14,1,0,0,0,1,0,0,0,0,0,0,0,0,0,0,0,0,0,0,0,5.91,6.7,10.48,5.59,13.58,9.97,10.48,9.97,5.77,8.48,13.54,5.66
OF072522,Cage 10,3526329,Batch 2,Phase 1,2,10:02:51 AM,300,Open Field Zones.szm,Periphery,174.3,147.17,112.88,147.53,66,89,92,42,0.34,0.34,0.34,0.34,676.78,575.28,448.46,600.23,197.49,184.79,156.53,194.95,158.75,147.96,120.33,149.23,1067,925,735,947,1028,895,713,914,23.76,20.98,18.62,21.65,15,13,11,13,150.54,126.19,94.08,125.87,80,99,98,54,23.6,20.93,20.15,18.98,44.06,40.28,43.76,44.48,1,1,1,2,6.87,6.12,3,6.44,17,12,8,14,39,30,22,33,397,255,145,305,8,8,8,8,10,10,10,10,2.69,2.69,2.69,2.69,2,2,2,2,2,2,2,2,10.91,11.33,11.88,10.79,23.59,26.6,27.61,25.6,17.15,15.88,18.32,15.16
OF072522,Cage 10,3526329,Batch 2,Phase 1,2,10:02:51 AM,300,Open Field Zones.szm,Corner,153.83,127.13,111.06,130.13,74,61,45,31,0,0,0,0,227.78,126.69,78.63,118.17,46.04,20.96,12.07,12.07,33.97,10.16,6.35,8.89,640,444,338,452,599,407,304,413,25.59,24.55,24.55,25.59,14,13,13,14,128.23,102.58,86.51,104.53,87,73,57,44,21.94,15.08,9.14,9.55,63.63,123.32,,,1,0,0,0,7.67,7.44,7.36,7.53,22,21,18,21,41,37,34,39,179,132,99,148,21,21,21,21,25,25,25,25,6.52,6.52,6.52,6.52,0,0,0,0,0,0,0,0,6.68,5.7,4.38,5.05,14.98,13.48,10.11,11.65,8.22,4.93,4.24,5.15
OF072522,Cage 10,3526329,Batch 2,Phase 1,2,10:02:51 AM,300,Open Field Zones.szm,Center,34.64,25.7,14.64,21.92,34,28,21,13,0.45,0.45,0.45,0.45,166.65,131.56,78.13,110.43,23.5,20.32,16.51,17.78,20.64,15.24,8.26,13.97,337,254,176,248,330,248,176,242,3.92,2.78,0,1.06,3,2,0,1,30.72,22.92,14.64,20.86,37,30,21,14,4.76,5.06,2.46,2.63,39.12,43.72,69.47,42.23,0,0,0,0,0.7,0.53,0,0.48,4,3,0,3,7,6,0,6,142,98,70,112,0,0,0,0,0,0,0,0,0,0,0,0,1,0,0,1,0,0,0,0,12.08,13.47,12.25,12.43,20.22,24.32,21.19,21.02,17.26,17.57,11.89,22.06
OF072522,Cage 10,3526329,Batch 2,Phase 1,3,10:07:51 AM,300,Open Field Zones.szm,Periphery,156.51,116.35,92.47,122.7,60,61,61,27,0.34,0.34,0.34,0.34,360.5,284.78,226.6,297.92,88.58,81.6,76.52,84.77,90.49,80.65,69.53,80.96,677,527,413,552,646,505,396,528,39.72,28.94,21.03,27,23,17,12,16,116.8,87.41,70.57,95.7,81,75,70,43,15.77,14.14,16.29,10.54,27.88,11.72,10.14,15.05,0,0,1,1,6.31,4.05,2.3,4.41,15,13,9,13,31,22,17,24,224,146,92,164,12,11,12,11,17,16,15,16,4.8,4.8,4.02,4.8,0,0,0,0,1,0,0,0,8.32,8.72,8.63,8.5,18.03,18.41,20.91,19.33,10.46,11.96,12.62,10.49
OF072522,Cage 10,3526329,Batch 2,Phase 1,3,10:07:51 AM,300,Open Field Zones.szm,Corner,108.96,93.78,73.95,95.55,38,26,33,16,0,0,0,0,127.09,84.43,52.03,85.07,9.21,5.4,4.13,5.4,20,8.89,2.86,9.84,356,279,196,278,333,256,183,256,37.4,33.36,26.05,34.67,22,19,15,20,71.55,60.42,47.91,60.88,59,45,44,36,8.28,8.86,6.49,4.44,143.61,,,,1,0,0,1,3.61,3.66,2.44,3.58,11,11,8,10,23,23,13,22,124,101,63,107,9,8,8,8,10,9,9,9,3.42,3.42,3.3,3.42,0,0,0,0,0,0,0,0,7.15,5.38,4.84,5.69,25.58,11.6,11.6,13.11,4.12,6.92,6.59,9.76
OF072522,Cage 10,3526329,Batch 2,Phase 1,3,10:07:51 AM,300,Open Field Zones.szm,Center,99.87,89.87,69.53,79.03,41,35,27,14,0.45,0.45,0.45,0.45,277.06,260.27,216.95,246.39,38.1,36.83,31.12,33.66,59.06,57.79,53.98,56.52,507,448,358,426,477,425,339,405,21.84,18.86,15.39,18.05,10,8,6,7,78.03,71.01,54.14,60.99,50,43,33,21,12.99,13.44,7.33,6.9,41.62,43.95,43.62,27.18,1,0,0,0,4.55,2.84,2.66,3.36,11,8,6,7,30,23,19,21,165,134,75,121,2,1,1,1,4,3,3,3,1.03,1.03,1.03,1.03,1,1,1,1,0,0,0,0,10.48,10.68,11.45,11.59,22.49,22.67,24.71,23.3,18.25,24.66,12.43,11.29
OF072522,Cage 10,3526329,Batch 2,Phase 1,4,10:12:51 AM,300,Open Field Zones.szm,Periphery,153.22,137.06,113.66,131.97,50,51,45,24,0.34,0.34,0.34,0.34,293.79,237.37,175.75,234.13,72.07,65.72,54.93,69.22,66.04,58.42,50.17,57.15,629,528,409,529,605,506,394,508,46.74,45.28,43.44,44.89,27,26,25,26,106.43,91.73,70.22,87.08,77,77,69,50,17.28,15.62,13.12,12.63,63.22,67.43,60.34,74.12,1,0,1,1,3.98,3.83,2.44,3.61,13,11,8,10,24,22,15,21,164,118,73,125,8,8,8,8,13,13,13,13,2.91,2.91,2.91,2.91,0,0,0,0,0,0,0,0,9.67,8.85,8.97,9.39,24.04,18.66,21.87,20.75,11.38,9.33,11.12,11.19
OF072522,Cage 10,3526329,Batch 2,Phase 1,4,10:12:51 AM,300,Open Field Zones.szm,Corner,84.3,68.53,62.13,75.61,28,27,24,14,0,0,0,0,102.39,54.76,33.06,56.16,15.24,8.26,3.81,5.4,13.97,4.45,1.91,4.45,276,192,139,196,251,173,119,175,29.36,27.52,27.52,29.36,15,14,14,15,54.94,41.01,34.61,46.25,43,40,36,29,8.38,6.89,6.19,5.22,29.74,,,,0,0,1,1,5.36,3.78,3.81,4.34,11,9,10,10,25,19,20,21,71,38,32,49,13,13,13,13,16,16,16,16,3.39,3.39,3.39,3.39,0,0,0,0,0,0,0,0,6.99,5.2,4.41,5.23,16.21,12.71,9.43,12.19,9.48,5.95,5.02,5.19
OF072522,Cage 10,3526329,Batch 2,Phase 1,4,10:12:51 AM,300,Open Field Zones.szm,Center,103.42,94.41,84.66,91.38,29,25,27,13,0.45,0.45,0.45,0.45,209.59,190.13,155.41,182.98,32.39,26.99,25.08,26.35,41.59,40.32,35.24,41.59,444,387,305,370,431,381,299,364,28.66,28.61,27.16,27.21,14,14,13,13,74.76,65.8,57.5,64.17,44,39,40,27,12.32,9.97,6.01,6.46,66.87,70.49,82.31,75.32,0,0,0,0,2.09,0.5,0.5,0.5,6,4,4,4,13,6,6,6,156,134,80,122,3,3,3,3,4,4,4,4,0.5,0.5,0.5,0.5,0,0,1,0,1,0,0,0,9.17,9,8.76,9.46,19.81,15.63,15.35,15.21,13.82,12.01,10.85,15.12
OF072522,Cage 11,3526906,Batch 2,Phase 1,1,9:58:31 AM,300,Open Field Zones.szm,Periphery,197.63,159.55,145.98,178.77,20,24,22,10,80.59,83.03,83.03,83.03,155.03,121.77,104.56,135.77,24.77,19.37,18.1,24.77,41.59,36.2,32.39,41.59,302,251,212,259,279,231,195,236,102.88,85.78,81.75,100.02,37,29,27,36,94.75,73.77,64.23,78.75,57,52,48,46,12.14,13.12,6.81,7.61,55.11,70.44,44.18,62.96,2,0,1,1,4.05,3.53,3.33,4.05,12,11,10,12,23,20,17,23,98,64,46,77,5,5,5,5,6,6,6,6,0.69,0.69,0.69,0.69,0,0,0,0,0,1,1,0,4.98,5.12,5.26,5.08,11.64,11.84,11.75,11.64,7.16,8.21,5.62,6.67
OF072522,Cage 11,3526906,Batch 2,Phase 1,1,9:58:31 AM,300,Open Field Zones.szm,Corner,41.58,30.92,18.67,33.69,13,15,16,7,220.06,222.11,222.86,222.86,52.19,37.98,16.02,31.48,4.13,2.86,0,0,14.61,10.8,5.4,5.4,131,100,52,106,131,100,52,106,7.91,3.88,2.84,5.7,5,3,2,3,33.67,27.04,15.83,27.98,17,18,18,10,4.14,4.42,4.69,2.71,196.74,109.74,,,1,0,0,0,0,0,0,0,0,0,0,0,0,0,0,0,33,19,8,32,2,2,2,2,3,3,3,3,1.19,1.19,1.19,1.19,0,0,0,0,0,0,0,0,4.97,4.34,2.72,4.39,8.39,8.56,3.68,8.95,5.66,4.73,2.43,4.76
OF072522,Cage 11,3526906,Batch 2,Phase 1,1,9:58:31 AM,300,Open Field Zones.szm,Center,112.7,109.53,83.7,87.55,12,8,3,2,0,0,0,0,50.61,46.7,35.41,39.22,10.16,10.16,7.62,7.62,1.27,1.27,1.27,1.27,171,155,129,141,153,137,114,126,62.83,62.83,46.76,46.76,21,21,14,14,49.88,46.71,36.94,40.78,34,28,18,17,3.69,3.52,2.34,2.3,162.51,162.51,162.51,162.51,1,1,1,1,2.85,2.85,2.33,2.33,9,9,8,8,18,18,15,15,77,75,71,74,1,1,1,1,0,0,0,0,0.02,0.02,0.02,0.02,0,0,0,0,0,0,0,0,3.76,3.9,4.14,3.93,7.48,7.48,7.48,7.48,4.5,4.85,4.52,5.35
OF072522,Cage 11,3526906,Batch 2,Phase 1,2,10:03:31 AM,300,Open Field Zones.szm,Periphery,158.16,135.36,112.79,133.92,61,64,55,28,80.59,83.03,83.03,83.03,428.54,370.06,267.39,355.63,136.21,120.97,94.3,121.6,138.43,120.97,95.57,129.22,548,467,364,460,518,443,344,431,35.44,35.44,35.44,35.44,23,23,23,23,122.72,99.92,77.36,98.48,84,86,74,51,21.18,20.19,14.4,12.76,27.14,29.41,7.72,30.94,1,2,0,0,7.28,6.35,6.1,7.28,14,11,9,13,30,24,20,29,116,91,61,109,21,21,18,18,38,38,34,34,8.28,8.28,7.74,7.74,0,0,0,0,1,1,1,1,9.02,8.98,8.39,9.68,21.38,23.31,24.51,21.44,11.19,11.73,11.22,12.83
OF072522,Cage 11,3526906,Batch 2,Phase 1,2,10:03:31 AM,300,Open Field Zones.szm,Corner,95.74,80.36,64.73,79.72,34,35,35,18,220.06,222.11,222.86,222.86,158.56,90.35,46.41,88.25,51.12,27.31,14.61,23.81,56.2,36.83,19.37,27.31,292,217,147,228,271,197,132,207,18.14,18.14,18.08,18.14,11,11,11,11,77.59,62.22,46.66,61.58,45,45,44,29,12.5,10.41,8.62,4.41,125.2,,,,0,0,0,0,3.95,4.03,2.42,3.95,10,10,8,10,21,20,15,21,83,57,31,79,18,17,17,17,37,34,34,34,10.48,9.39,9.39,10.06,0,0,0,0,1,0,0,1,5.53,4.69,4.07,4.9,14.79,13.71,12.08,12.08,5.77,4.84,3.93,4.5
OF072522,Cage 11,3526906,Batch 2,Phase 1,2,10:03:31 AM,300,Open Field Zones.szm,Center,93.53,84.28,77.11,82.99,34,29,26,13,0,0,0,0,190.24,146.96,132.44,159.45,37.47,33.34,30.8,36.2,37.47,31.43,31.43,32.7,368,306,255,307,343,284,235,286,30.31,30.31,30.31,30.31,16,16,16,16,63.22,53.97,46.8,52.67,50,44,40,29,9.34,9.09,6.89,6.08,47.22,45.41,56.27,46.21,0,0,1,1,2.9,2.5,1.58,2.09,12,12,10,11,25,22,20,21,160,131,99,135,6,6,6,6,14,14,14,14,2.61,2.61,2.61,2.61,0,0,0,0,0,0,1,0,9.09,8.69,8.92,8.81,18.61,21.88,22.53,22.53,17.14,14.69,13.25,17.14
OF072522,Cage 11,3526906,Batch 2,Phase 1,3,10:08:31 AM,300,Open Field Zones.szm,Periphery,176.48,156.76,127.45,156.7,45,69,67,32,80.59,83.03,83.03,83.03,441.8,378.54,302.43,396.26,104.46,90.49,78.42,101.92,96.2,91.12,82.55,90.81,596,529,408,529,569,507,385,503,38.58,36.92,30.83,34.63,24,23,20,22,137.9,119.84,95.7,122.08,69,91,84,54,20.58,19.95,15.91,16,61.21,59.04,33.13,64.38,1,1,0,0,5.87,5.36,5.81,5.56,15,11,11,14,27,22,23,26,153,115,73,140,42,38,37,36,70,62,59,63,19.66,18.42,15.83,18.46,1,1,1,1,1,1,1,1,8.53,8.27,7.35,8.18,21.04,22.34,17.33,21.04,13.38,14.76,12.56,10.54
OF072522,Cage 11,3526906,Batch 2,Phase 1,3,10:08:31 AM,300,Open Field Zones.szm,Corner,73.17,59.03,47.64,56.89,37,32,20,16,220.06,222.11,222.86,222.86,96.75,56.55,23.39,36.67,26.35,15.88,6.35,7.62,8.89,5.08,2.54,2.54,223,146,98,142,212,135,90,134,28.69,26.36,24.7,27.03,13,12,11,12,44.49,32.68,22.94,29.86,50,43,27,28,7.3,6.03,6.36,2.92,,,,,0,1,0,0,2.23,2.23,2.22,2.22,7,7,5,5,11,11,8,8,35,27,24,31,20,16,14,15,37,33,27,30,12.72,11.23,8.69,11.45,0,0,0,0,0,0,0,0,6.87,6,5.61,6.57,13.7,9.13,11.77,11.77,8.19,9.43,5.46,9.23
OF072522,Cage 11,3526906,Batch 2,Phase 1,3,10:08:31 AM,300,Open Field Zones.szm,Center,101.6,84.2,75.88,86.16,45,38,25,18,0,0,0,0,214.73,170.71,140.61,170.85,42.86,40.01,35.56,36.83,40.32,35.56,33.02,38.42,409,341,286,339,387,319,265,317,28.64,25.8,25.8,27.42,14,12,12,13,72.96,58.41,50.08,58.74,57,50,37,30,9.99,9.11,7.01,6.8,36.45,44.21,31.52,26.8,0,0,0,0,4.78,4.78,4.74,4.78,10,10,10,10,22,22,21,22,156,123,116,136,12,13,12,12,21,21,20,21,6.16,5.69,5.69,6.16,0,0,0,1,1,1,1,1,10.42,11.23,10.94,10.26,23.83,30.57,36.63,26.28,12.36,11.85,12.37,18.95
OF072522,Cage 11,3526906,Batch 2,Phase 1,4,10:13:31 AM,300,Open Field Zones.szm,Periphery,169.19,144.95,105.77,143.03,48,60,64,30,80.59,83.03,83.03,83.03,406.04,326.32,253.42,336.78,95.57,85.09,63.18,86.04,129.86,114.94,100.97,122.56,514,432,316,442,493,416,308,423,63.65,59.13,42.49,54.96,36,33,25,32,105.54,85.82,63.28,88.07,85,91,86,63,15.57,16.69,16.91,11.7,32.27,20.78,5.26,24.45,2,2,1,1,7.02,6.27,1.97,6.66,11,7,5,9,21,16,8,19,85,53,24,71,21,19,17,19,31,30,29,30,8.78,8.78,8.73,8.73,0,0,0,0,1,1,1,1,10.4,11,9.87,9.86,26.92,23.57,23.94,21.26,13.62,16.28,13.52,13.83
OF072522,Cage 11,3526906,Batch 2,Phase 1,4,10:13:31 AM,300,Open Field Zones.szm,Corner,118.1,89,71.55,85.11,39,37,29,17,220.06,222.11,222.86,222.86,120.34,80.98,35.57,55.7,26.04,14.61,6.99,6.99,26.99,19.37,9.21,9.21,264,191,108,174,248,179,101,162,59.99,46.11,41.6,44.44,29,23,20,21,58.11,42.89,29.95,40.67,63,56,46,37,9.39,6.11,4.89,5.1,,,,,1,0,0,0,4.51,3.08,2.5,3.02,10,8,4,8,16,12,7,12,49,31,19,39,24,23,22,23,26,26,26,26,5.36,5.14,5.11,5.33,0,0,0,0,0,0,0,0,7.39,5.73,4.65,5.94,20.21,15.58,14.16,14.16,7.28,5.81,4.19,6.65
OF072522,Cage 11,3526906,Batch 2,Phase 1,4,10:13:31 AM,300,Open Field Zones.szm,Center,85.67,66.05,59.26,64.2,39,24,19,15,0,0,0,0,200.62,163.17,128.85,171.17,46.99,36.51,33.66,43.18,45.72,39.37,34.61,41.91,315,251,212,251,307,245,206,245,37.61,27.58,27.58,27.58,16,11,11,11,48.06,38.47,31.69,36.63,55,35,30,26,6.88,4.74,4.33,4.87,15.74,18.47,11.37,16.27,1,1,2,2,1.31,1.06,1.06,1.06,5,3,3,3,8,6,6,6,88,60,53,65,12,11,11,11,15,14,14,14,2.28,2.28,2.28,2.28,0,1,1,1,0,0,0,0,12.02,11.88,12.11,12.09,26.3,28.95,31,26.71,21.87,16.53,12.7,19.35
OF072522,Cage 12,3526880,Batch 2,Phase 1,1,9:58:52 AM,300,Open Field Zones.szm,Periphery,176.97,135.69,108.36,140.4,79,71,69,27,0,0,0,0,440.96,360.04,263,367.51,140.97,124.46,91.12,131.13,95.57,80.65,73.66,80.01,822,684,534,696,784,657,516,665,29,20.56,15.92,21.43,22,16,13,16,147.89,115.05,92.36,118.89,98,87,82,42,24.87,19.13,17.08,15.15,61.8,64.33,52.1,67.44,1,0,0,1,6.08,3.91,3.34,4.84,22,17,12,17,38,27,18,31,385,267,156,312,7,7,6,6,12,12,11,11,3.78,3.75,3.75,3.75,2,1,4,3,1,0,0,0,8.62,8.97,8.43,9.01,16.1,29.88,23.54,24.83,12.72,12.31,13.41,11.36
OF072522,Cage 12,3526880,Batch 2,Phase 1,1,9:58:52 AM,300,Open Field Zones.szm,Corner,153.47,132.92,99.39,129.3,51,41,56,20,3.08,3.16,3.42,3.42,153.8,81.68,38.27,77.88,44.45,19.69,6.99,8.26,12.38,5.4,2.86,7.3,505,387,251,379,451,339,213,328,37.67,33.03,24.59,32.16,25,22,16,22,115.79,99.89,74.8,97.14,76,62,71,42,12.54,12.93,14.05,8.29,87.64,,,,1,1,0,1,9.17,8.66,7.74,8.99,25,22,16,23,54,48,38,51,199,162,89,164,9,8,7,9,12,12,11,12,3.34,3.34,3.34,3.34,0,0,0,0,0,0,0,0,6.21,5.57,3.72,5.07,15.7,11.93,8.64,11.61,8.85,6.02,4.16,5.89
OF072522,Cage 12,3526880,Batch 2,Phase 1,1,9:58:52 AM,300,Open Field Zones.szm,Center,41.5,31.39,23.64,28.44,37,30,23,10,0.08,0.08,0.08,0.08,186.44,148.03,110.52,139.35,52.07,39.69,35.88,44.45,29.85,29.85,17.46,27.31,317,250,183,224,311,245,179,219,0,0,0,0,0,0,0,0,41.5,31.39,23.64,28.44,37,30,23,10,7.97,6.99,4.37,4.36,29.54,33.28,36.44,34.5,0,0,0,0,0.92,0.73,0.28,0.67,4,3,2,3,6,5,4,5,125,107,78,112,1,1,1,1,1,1,1,1,0.14,0.14,0.14,0.14,0,0,0,0,0,0,0,0,10.61,11.07,11.31,11.67,19.87,19.87,21.21,20.99,16.73,14.21,17.92,19.3
OF072522,Cage 12,3526880,Batch 2,Phase 1,2,10:03:52 AM,300,Open Field Zones.szm,Periphery,181.59,138.08,103.66,136,67,59,50,28,0,0,0,0,370.57,285.77,216.02,296.46,79.38,61.28,48.9,69.85,113.98,95.89,82.87,108.27,653,538,402,525,638,526,394,512,59.36,41.65,31.64,44.7,33,26,19,25,122.24,96.43,72.02,91.3,98,83,67,53,17.48,13.31,11.43,10.05,30.23,35.82,16.26,25.61,0,2,0,1,2.28,1.44,0.8,1.53,8,7,5,7,15,12,8,13,233,175,113,192,27,23,21,22,36,32,30,31,8.53,7.55,7.55,7.55,0,0,0,0,0,0,0,0,8.1,8.29,8.51,8.97,20.32,21.41,19.79,20.47,13.42,7.53,13.94,14.59
OF072522,Cage 12,3526880,Batch 2,Phase 1,2,10:03:52 AM,300,Open Field Zones.szm,Corner,132.19,116.91,81.92,109.41,29,37,38,18,3.08,3.16,3.42,3.42,133.18,84.79,39.89,66.2,24.77,12.38,6.35,6.35,27.31,15.56,5.08,6.35,371,300,197,287,341,273,174,260,46.33,44.02,28.91,36.36,25,23,18,21,85.39,72.89,53.02,72.58,53,59,54,39,10.61,10.36,9.18,6.71,54.46,,,,0,1,1,1,5.73,4.26,4.01,4.84,16,14,13,14,30,27,23,27,125,96,67,111,24,25,22,24,32,32,29,32,13.5,13.47,12.31,13.5,0,0,0,0,0,0,0,0,7.31,6.09,4.63,5.28,21.36,19.53,8.26,12.78,7.64,4.17,4.17,5.95
OF072522,Cage 12,3526880,Batch 2,Phase 1,2,10:03:52 AM,300,Open Field Zones.szm,Center,66.77,45.02,36.49,50.12,34,22,29,14,0.08,0.08,0.08,0.08,229.18,197.45,157.56,197.6,55.25,52.71,40.64,50.17,28.58,27.31,19.69,24.13,339,257,203,272,336,255,201,270,16.94,9.7,7.11,12.85,13,8,6,10,49.83,35.31,29.38,37.28,47,29,35,24,7.98,7.1,5.97,6.44,35.16,26.88,11.46,27.99,2,1,1,1,0.3,0.3,0.3,0.3,3,2,2,2,3,2,2,2,108,75,40,93,4,4,4,4,4,4,4,4,0.48,0.45,0.28,0.45,0,0,0,0,2,2,1,1,11.19,13.09,13.04,11.56,20.47,20.55,22.85,19.17,13.6,20.48,15.08,18.24
OF072522,Cage 12,3526880,Batch 2,Phase 1,3,10:08:52 AM,300,Open Field Zones.szm,Periphery,176.88,125.49,95.66,136.55,63,74,78,28,0,0,0,0,349.13,257.24,181.29,265.06,91.12,63.5,55.56,68.58,86.04,80.96,58.74,78.11,658,500,359,520,625,476,338,491,50.64,39.25,35.35,42.39,29,21,18,23,126.24,86.24,60.31,94.15,90,91,93,51,19.8,15.77,15.4,12.54,49.1,42.74,8.84,48.25,1,0,1,2,5.53,3.08,2.95,3.95,19,12,10,16,33,24,21,29,259,162,72,221,18,15,16,15,25,22,22,22,6.55,6.42,5.53,6.42,2,2,2,3,0,1,1,1,8.6,8.62,8.97,8.97,25.51,26.72,25.14,25.14,10.04,9.95,14.14,13.89
OF072522,Cage 12,3526880,Batch 2,Phase 1,3,10:08:52 AM,300,Open Field Zones.szm,Corner,133.03,112.26,74.73,104.16,50,47,39,20,3.08,3.16,3.42,3.42,137.83,77.56,40.5,64.91,10.8,6.67,1.27,1.27,29.85,8.89,5.08,10.48,403,302,191,287,384,287,180,271,33.05,33.05,21.66,29.91,21,21,13,19,99.98,79.22,53.08,74.25,70,65,50,38,15.74,11.06,8.1,6.29,92.51,,,,0,0,0,0,3.48,2.06,2.34,3.31,10,8,6,8,19,15,11,16,118,93,41,94,20,19,19,19,35,34,32,34,11.79,11.72,11.36,11.72,0,0,0,0,0,0,0,0,6.04,4.73,3.88,4.56,20.78,9.69,8.76,9.99,6.14,5.67,3.46,5.03
OF072522,Cage 12,3526880,Batch 2,Phase 1,3,10:08:52 AM,300,Open Field Zones.szm,Center,83.11,62.25,48.39,55.24,56,28,25,15,0.08,0.08,0.08,0.08,251.35,222.15,167.32,212.58,100.97,95.89,73.66,94.62,13.97,12.7,11.43,13.97,399,319,239,299,386,311,237,295,18.36,11.69,11.69,11.69,13,8,8,8,64.75,50.56,36.7,43.55,67,36,33,23,11.68,8.56,6.79,6.38,71.72,68.09,66.41,68.77,2,2,2,2,3,1.78,0.03,0.42,6,4,1,2,13,8,2,4,132,116,74,98,4,4,4,4,11,11,11,11,1.74,1.74,1.74,1.74,0,0,0,0,1,1,0,1,10.55,12.04,12.41,12.4,19.82,21.52,22.41,21.79,17.8,15.91,22.46,17.72
OF072522,Cage 12,3526880,Batch 2,Phase 1,4,10:13:52 AM,300,Open Field Zones.szm,Periphery,96.57,69.17,24.27,37.3,91,48,31,19,0,0,0,0,129.79,101.36,65.72,101.41,42.23,39.69,34.61,40.96,11.75,10.48,4.76,9.84,286,193,122,188,278,186,118,184,37.94,29.74,5.83,8,22,17,4,6,58.63,39.43,18.44,29.3,110,57,32,25,14.21,8.47,5.92,5.58,61.86,47.53,4.09,87.03,0,0,0,0,0.53,0.52,0.5,0.5,4,3,1,1,8,7,4,4,52,41,6,26,13,11,7,7,24,22,13,13,5.02,5.02,3.48,3.78,0,0,0,0,1,1,0,1,8.6,8.57,8.46,9.03,17.82,17.2,16.9,16.9,10.4,12.48,11.58,14.24
OF072522,Cage 12,3526880,Batch 2,Phase 1,4,10:13:52 AM,300,Open Field Zones.szm,Corner,202.25,162.64,144.5,185,22,30,68,12,3.08,3.16,3.42,3.42,68.34,43.17,25.25,33.65,10.16,6.35,3.81,3.81,5.08,2.54,1.27,1.27,296,235,149,267,235,178,121,207,120.89,97.48,93.12,111.03,56,44,41,52,81.36,65.16,51.37,73.97,77,75,105,63,5.38,5.8,12.84,2.44,,,,,0,0,0,1,13.72,12.67,7.27,12.83,25,22,12,24,61,57,28,60,107,85,37,98,25,20,21,22,46,38,38,42,13.33,11.12,10.94,11.83,0,0,0,0,0,0,0,0,5.37,4.78,4.85,4.96,14.47,10.97,19.14,14.47,6.53,4.47,3.3,6.62
OF072522,Cage 12,3526880,Batch 2,Phase 1,4,10:13:52 AM,300,Open Field Zones.szm,Center,91.75,68.19,58.94,73,37,18,22,11,0.08,0.08,0.08,0.08,132.49,111.37,100.86,118.93,14.92,12.38,12.38,13.65,43.5,40.32,40.32,42.23,283,243,202,235,270,230,191,222,35.1,22.13,18.28,27.17,21,15,13,16,56.65,46.06,40.65,45.83,55,31,34,25,8.86,4.67,6.88,5.42,27.22,29.11,33.65,30.21,1,2,3,2,3.88,3.88,3.39,3.88,6,6,6,6,13,13,11,13,65,59,50,58,10,10,10,10,14,14,14,14,1.02,1.02,1.02,1.02,0,0,0,0,0,0,0,0,8.62,9.43,10.75,8.78,16.47,22.93,31.43,17.15,9.36,10.66,11.93,10.01
OF072522,Cage 1,3526221,Batch 3,Phase 1,1,10:40:02 AM,300,Open Field Zones.szm,Periphery,57.47,49.39,41.48,50.24,21,23,31,11,217.03,218.28,218.28,218.28,118.39,103.65,90.66,106.51,14.29,10.8,8.26,13.02,36.83,36.83,35.56,35.56,252,209,169,227,226,187,156,203,6.05,6.05,4.66,4.66,3,3,2,2,51.42,43.34,36.83,45.58,24,26,33,13,7.72,6.86,6.34,5.55,29.71,31.74,10.35,35.54,0,0,0,0,2.34,1.56,1.7,2.2,11,9,5,10,26,22,13,24,125,90,52,107,1,1,1,1,1,1,1,1,0.02,0.02,0.02,0.02,0,0,0,0,1,0,0,1,6.6,6.81,6.7,6.76,10.53,12.75,11.34,12.55,7.1,9.79,7.12,8.94
OF072522,Cage 1,3526221,Batch 3,Phase 1,1,10:40:02 AM,300,Open Field Zones.szm,Corner,30.19,24.08,19.94,24.81,21,15,13,8,219.89,220,220.33,220.33,40.07,28.98,21.09,30.06,3.81,1.27,1.27,2.54,5.4,4.13,4.13,5.4,130,102,74,97,119,99,70,92,3.95,2.56,2.56,3.95,3,2,2,3,26.23,21.52,17.37,20.86,24,17,15,11,4.83,4.26,2.98,2,,,,,0,0,0,0,1.22,0.16,0.31,0.25,5,2,3,3,11,3,4,5,48,26,13,21,0,0,0,0,0,0,0,0,0,0,0,0,0,0,0,0,0,0,0,0,6.5,6.16,4.01,4.94,10.45,9.9,7.14,9.44,5.46,7.75,3.69,4.41
OF072522,Cage 1,3526221,Batch 3,Phase 1,1,10:40:02 AM,300,Open Field Zones.szm,Center,228.81,226.53,222.59,224.94,14,7,7,2,0,0,0,0,28.53,25.62,18.77,20.78,12.49,12.49,9,9,0,0,0,0,211,189,173,189,157,140,124,140,154.19,154.19,154.19,154.19,28,28,28,28,74.62,72.34,68.4,70.75,43,36,36,31,4.28,3.49,2.17,2.23,103.86,137.96,24.72,21.45,1,1,1,1,16.8,16.25,16.25,16.25,22,21,21,21,54,49,49,49,123,114,98,116,1,1,1,1,1,1,1,1,0.19,0.19,0.19,0.19,0,0,0,0,0,0,0,0,4.46,4.54,4.65,4.57,12.99,12.99,13.58,13.39,3.41,3.41,3.41,3.41
OF072522,Cage 1,3526221,Batch 3,Phase 1,2,10:45:02 AM,300,Open Field Zones.szm,Periphery,151.03,124.91,105.37,132.41,39,47,39,25,217.03,218.28,218.28,218.28,286.4,229.73,188.11,239.32,81.28,73.34,61.91,69.85,61.91,51.75,46.36,60.64,364,299,241,311,358,293,238,305,66.69,58.81,57.31,65.58,33,29,28,32,84.34,66.1,48.06,66.83,73,75,64,58,18.27,14.54,11.81,10.97,36.94,24.81,28.34,25.22,0,0,0,1,0.52,0.52,0.02,0.52,3,3,2,3,6,6,3,6,52,32,21,45,7,7,7,7,10,10,10,10,1.52,1.52,1.52,1.52,0,0,0,0,1,0,0,1,6.3,6.89,7.8,6.41,13.65,14.26,14.46,13.19,8.38,13.5,11.1,9.62
OF072522,Cage 1,3526221,Batch 3,Phase 1,2,10:45:02 AM,300,Open Field Zones.szm,Corner,123.59,110.7,92.49,107.38,23,25,23,16,219.89,220,220.33,220.33,85.03,57.76,29.92,52,20.32,11.43,8.89,13.97,19.37,13.97,6.35,6.35,211,167,120,169,201,157,111,159,62.51,61.01,54.36,55.47,33,32,29,30,61.08,49.69,38.13,51.91,56,57,49,46,10.51,8.42,7.13,5.09,,,,,2,1,0,0,3.2,3.2,3,3.2,7,7,7,7,10,10,9,10,37,27,24,32,5,5,5,5,9,9,9,9,1.5,1.5,1.5,1.5,0,0,0,0,0,0,0,0,5.07,4.03,3.62,3.91,15.24,9.9,8.99,8.99,4.21,2.8,3.46,3.81
OF072522,Cage 1,3526221,Batch 3,Phase 1,2,10:45:02 AM,300,Open Field Zones.szm,Center,72.86,64.39,56.48,59.92,28,23,17,12,0,0,0,0,183.3,159.87,131.04,154.14,40.01,37.47,32.07,38.42,12.7,12.7,10.16,11.43,304,271,226,258,301,268,223,255,13.67,13.67,12.45,12.45,9,9,8,8,59.19,50.72,44.03,47.47,37,32,24,20,11.34,9.47,6.24,8.19,68.46,74.83,75.13,70.46,1,2,0,1,0.3,0.3,0.3,0.3,2,2,2,2,3,3,3,3,64,55,44,56,2,2,2,2,2,2,2,2,0,0,0,0,0,0,0,0,0,0,0,0,8.43,8.4,7.45,9.06,19.72,19.72,14.23,23.35,10.94,12.18,10.99,12.18
OF072522,Cage 1,3526221,Batch 3,Phase 1,3,10:50:02 AM,300,Open Field Zones.szm,Periphery,176.41,140.9,118.32,154.75,36,60,51,22,217.03,218.28,218.28,218.28,244.65,206.44,164.81,214.34,32.39,28.26,24.45,28.26,91.12,82.23,74.61,86.04,381,311,252,340,351,289,234,315,67.79,56.89,50.28,63.69,38,33,27,35,108.62,84.01,68.04,91.06,74,90,74,57,19.61,17.9,12.11,12,15.27,10.27,6.28,14.22,0,2,1,2,6.67,5.64,5.2,6.11,13,9,8,11,30,22,18,25,110,63,41,88,17,18,18,17,28,28,27,28,6.86,6.47,6.44,6.84,0,0,0,0,0,0,0,0,6.43,6.89,6.82,6.61,21.72,22.32,18.93,20.73,4.44,9.07,7.13,9.56
OF072522,Cage 1,3526221,Batch 3,Phase 1,3,10:50:02 AM,300,Open Field Zones.szm,Corner,77.63,65.89,50.19,66.02,27,28,18,12,219.89,220,220.33,220.33,73.47,46.27,23.68,38.01,3.81,1.27,0,0,19.05,11.43,2.54,7.62,165,119,77,125,157,114,74,118,29.02,27.89,23.75,26.78,16,15,12,14,48.61,38,26.44,39.23,43,41,29,27,6.57,9.41,8.84,5.83,74.29,,,,1,1,0,0,2.87,2.08,1.58,2.22,4,2,1,3,8,5,3,7,28,18,8,21,12,12,11,11,15,13,12,13,1.33,0.56,0.56,1.24,0,0,0,0,0,0,0,0,5.6,4.48,4.16,4.38,16.69,12.93,10.15,16.69,4.67,4.37,4.9,4.51
OF072522,Cage 1,3526221,Batch 3,Phase 1,3,10:50:02 AM,300,Open Field Zones.szm,Center,106.5,93.2,73.41,78.48,37,32,18,12,0,0,0,0,217.6,199.16,183.55,198.53,55.25,53.98,51.12,55.25,35.88,35.88,35.88,35.88,304,271,227,255,290,260,221,246,47.27,41.78,33.92,34.99,28,23,20,21,59.23,51.42,39.48,43.5,62,54,38,32,12.33,9.08,6.32,5.59,64,51.25,50.82,64,2,2,2,2,2.89,2.39,1.31,1.81,7,6,3,4,14,11,6,9,81,75,63,73,5,5,4,4,6,6,5,5,0.5,0.5,0.5,0.5,0,0,0,0,0,0,0,0,8.53,8.52,9.79,9.65,18.23,18.23,23.62,18.8,10.61,10.61,16.31,12.41
OF072522,Cage 1,3526221,Batch 3,Phase 1,4,10:55:02 AM,300,Open Field Zones.szm,Periphery,158.21,128.75,112.48,136.22,43,55,48,28,217.03,218.28,218.28,218.28,308.46,266.75,217.37,268.61,52.07,43.18,35.88,46.99,117.16,113.35,100.33,112.08,447,379,303,381,435,371,296,373,67.41,54.13,52.02,61.69,40,32,30,36,90.79,74.62,60.46,74.52,82,84,73,64,16.3,16.52,14.03,13.76,46.74,53.95,59.13,52.32,1,0,0,0,1.16,0.87,0.86,0.87,8,6,5,6,12,8,7,8,112,80,53,86,16,16,16,16,27,27,27,27,5.58,5.58,5.58,5.58,0,0,0,0,1,1,1,1,8.35,9.36,9.62,9.36,19.45,20.81,22.88,20.23,10.96,12.8,10.01,9.37
OF072522,Cage 1,3526221,Batch 3,Phase 1,4,10:55:02 AM,300,Open Field Zones.szm,Corner,77.98,69.39,58.59,69.61,21,23,15,13,219.89,220,220.33,220.33,62.54,41.55,25.62,42.04,8.89,5.08,3.81,3.81,13.65,7.3,4.76,7.3,191,154,124,155,178,144,114,142,21.22,20.19,15.55,20.19,13,12,9,12,56.77,49.2,43.05,49.42,32,33,22,23,7.45,7.65,5.7,4.89,83.27,,,,0,0,0,0,2.81,2.53,2.53,2.81,5,4,4,5,13,10,10,13,66,53,46,55,11,11,11,11,26,26,26,26,10.44,10.44,10.44,10.44,0,0,0,0,0,0,0,0,4.88,3.72,3.44,3.71,10.29,7.3,7.3,7.16,3.87,5.03,3.81,3.82
OF072522,Cage 1,3526221,Batch 3,Phase 1,4,10:55:02 AM,300,Open Field Zones.szm,Center,110.61,101.86,83.2,94.17,30,32,28,15,0,0,0,0,260.8,232.41,206.63,230.06,64.45,60.96,53.34,58.42,70.49,63.82,62.55,65.09,379,328,284,345,368,318,274,334,27.27,26.19,17.55,18.63,16,15,10,11,83.35,75.67,65.66,75.55,45,46,39,27,12.31,12.61,13.19,11.34,32.21,35.17,39.43,38.24,1,0,1,1,1.83,2.16,2.16,1.83,6,6,6,6,11,10,10,11,112,94,77,107,5,5,5,5,7,7,7,7,1.62,1.62,1.62,1.62,3,3,2,2,0,0,0,0,8.93,9.21,9.5,8.49,15.72,16.17,19.83,16.05,12.1,12.03,12.54,10.24
OF072522,Cage 2,3526140,Batch 3,Phase 1,1,10:40:25 AM,300,Open Field Zones.szm,Periphery,264.31,240.95,233.08,241.94,22,23,22,13,5.86,5.86,5.86,5.86,155.26,143.45,123.53,144.23,33.66,32.39,29.85,33.66,46.67,44.13,41.59,45.4,393,363,333,368,349,320,294,326,163.61,147.64,146.63,148.02,50,48,47,48,100.7,93.31,86.45,93.92,72,69,68,61,10.15,7.51,6.81,8.42,43.73,18.19,2.85,14.58,5,1,1,0,9.53,9.53,9.44,9.49,22,21,19,21,44,43,39,42,191,172,144,178,0,0,0,0,0,0,0,0,0,0,0,0,0,0,0,0,0,0,0,0,6.83,6.54,6.22,6.48,14.58,13.47,13.6,13.59,8.81,9.23,9.23,7.23
OF072522,Cage 2,3526140,Batch 3,Phase 1,1,10:40:25 AM,300,Open Field Zones.szm,Corner,53.47,46.94,23.66,45.83,16,20,20,11,26.08,26.14,26.39,26.39,48.03,30.25,19.34,30.37,12.38,9.84,8.57,8.57,8.26,5.72,3.18,4.45,142,113,78,119,126,99,69,105,23.61,22.59,6.63,22.22,8,7,5,7,29.86,24.35,17.03,23.61,23,25,24,17,3.41,3.38,4.08,2.09,86.42,86.42,,86.42,1,1,0,0,1.08,1.02,0.69,0.94,8,7,3,6,16,14,9,14,61,46,12,50,1,1,1,1,2,2,2,2,0.38,0.38,0.38,0.38,0,0,0,0,0,0,0,0,6.85,6.34,5.03,5.4,14.99,14.1,12.62,12.62,6.88,4.16,5.69,6.57
OF072522,Cage 2,3526140,Batch 3,Phase 1,1,10:40:25 AM,300,Open Field Zones.szm,Center,13.67,12.11,12.03,12.24,8,3,2,2,0,0,0,0,22.76,18.81,17.91,17.91,9.21,9.21,9.21,9.21,5.08,5.08,5.08,5.08,61,48,44,47,57,44,40,43,2.16,2.16,2.16,2.16,2,2,2,2,11.52,9.95,9.88,10.08,11,6,5,5,2.02,1.22,1.14,1.03,78.76,78.76,78.76,78.76,0,0,0,0,0.64,0.64,0.64,0.64,2,2,2,2,4,4,4,4,13,13,13,13,1,1,1,1,1,1,1,1,0.33,0.33,0.33,0.33,0,0,0,0,0,0,0,0,6.98,5.65,5.65,5.65,14.7,8.92,8.92,8.92,6.93,6.93,6.93,6.93
OF072522,Cage 2,3526140,Batch 3,Phase 1,2,10:45:25 AM,300,Open Field Zones.szm,Periphery,198.81,165.07,127.75,160.2,63,68,57,36,5.86,5.86,5.86,5.86,747.96,676,574.03,688.35,274.32,254,232.41,267.97,226.38,221.3,199.71,223.84,723,654,536,643,701,641,528,631,39.77,30.67,27,32.28,22,17,14,18,159.04,134.4,100.75,127.92,85,83,69,54,30.47,29.68,24.19,21.1,23.64,26.8,30.91,33.37,2,0,0,0,3.28,1.39,0.99,1.63,10,7,5,7,22,13,8,12,140,87,61,86,2,2,2,2,2,2,2,2,0.78,0.78,0.78,0.78,2,2,2,2,4,4,4,4,9.36,10.55,11.17,10.39,24.03,23.96,26.39,24.03,12.1,15.24,14.88,12.24
OF072522,Cage 2,3526140,Batch 3,Phase 1,2,10:45:25 AM,300,Open Field Zones.szm,Corner,160.64,125.36,98.35,134.38,53,53,54,34,26.08,26.14,26.39,26.39,234.95,140.98,75.84,130.85,67.31,45.72,25.4,31.75,40.64,19.05,13.97,16.51,470,343,243,370,426,304,212,330,37.91,35.53,29.24,36.72,23,21,18,22,122.73,89.83,69.11,97.66,76,70,68,56,21.72,14.28,12.22,8.75,68.58,,,,1,1,0,0,8.17,7.8,6.36,7.59,22,20,16,20,44,39,31,40,122,95,67,106,10,10,10,10,14,14,14,14,1.59,1.59,1.59,1.59,1,0,0,0,1,0,0,0,5.91,5.54,3.86,4.83,19.08,19,10.67,16.28,6.83,6.23,4.81,5.31
OF072522,Cage 2,3526140,Batch 3,Phase 1,2,10:45:25 AM,300,Open Field Zones.szm,Center,14.44,9.56,2.85,5.27,13,14,8,3,0,0,0,0,20.91,7.82,1,4.84,0,0,0,0,0,0,0,0,64,38,18,29,61,37,18,27,4.1,2.8,0,0,3,2,0,0,10.34,6.77,2.85,5.27,14,15,8,3,2.76,1.34,1.83,1.12,,,,,0,0,0,0,0.56,0.19,0,0.38,2,1,0,1,3,1,0,2,15,6,2,10,0,0,0,0,0,0,0,0,0,0,0,0,0,0,0,0,0,0,0,0,7.67,4.71,4.84,7.05,13.39,5.71,5.71,13.9,11.12,5.79,5.14,11.09
OF072522,Cage 2,3526140,Batch 3,Phase 1,3,10:50:25 AM,300,Open Field Zones.szm,Periphery,212.54,183.7,143.78,180.58,63,89,91,41,5.86,5.86,5.86,5.86,847.88,754.58,640.34,768.1,238.13,224.79,205.42,228.92,331.15,301.94,273.69,312.1,857,776,649,778,835,758,636,759,49.77,47.25,38.14,43.14,35,33,26,30,162.78,136.45,105.64,137.44,98,118,110,71,32.89,31.95,25.5,23.12,33.95,29.3,17.23,32.12,2,2,1,3,2.91,2.42,1.69,2.44,12,9,6,10,22,18,13,19,147,109,64,102,9,9,9,9,10,10,10,10,1.94,1.94,1.94,1.94,2,1,1,1,3,4,4,3,11.01,11.98,11.78,10.85,27.79,26.84,25.67,25.67,20.32,17.46,12.85,14.13
OF072522,Cage 2,3526140,Batch 3,Phase 1,3,10:50:25 AM,300,Open Field Zones.szm,Corner,123.7,87.13,71.14,96.19,81,59,50,32,26.08,26.14,26.39,26.39,219.62,129.6,58.66,116.08,38.1,22.86,10.8,14.61,67.31,41.59,18.42,31.75,446,299,200,306,418,274,177,280,34.97,26.97,25.78,31.3,23,17,16,20,88.73,60.16,45.37,64.89,102,74,64,53,20.75,11.55,7.01,7.82,79.72,,,,2,0,0,0,6.28,5.72,5.03,5.6,12,11,11,12,28,25,23,26,85,62,44,72,13,13,13,13,20,20,20,20,6.27,6.27,6.27,6.27,0,0,0,0,0,0,0,0,7.78,6.87,5.42,7.22,23.58,19.86,11.53,22.82,12.74,8.89,6.17,8.51
OF072522,Cage 2,3526140,Batch 3,Phase 1,3,10:50:25 AM,300,Open Field Zones.szm,Center,37.05,29.17,16.31,20.45,36,30,13,9,0,0,0,0,151.09,113.96,91.6,109.43,22.86,18.73,17.46,22.86,36.83,34.29,28.26,32.7,239,176,126,149,232,172,124,147,4.16,3.05,1.72,2.83,3,2,1,2,32.89,26.12,14.59,17.62,38,32,13,10,7.8,8.9,3.45,2.89,89.24,90.19,75.09,83,0,0,0,0,0.56,0.44,0.03,0.03,4,2,1,1,7,4,2,2,37,30,17,24,0,0,0,0,0,0,0,0,0,0,0,0,0,0,0,0,0,0,0,0,9.28,11.69,14.78,12.72,17.85,18.41,19.21,17.6,2.67,20.22,17.27,21.23
OF072522,Cage 2,3526140,Batch 3,Phase 1,4,10:55:25 AM,300,Open Field Zones.szm,Periphery,188,163.03,146.98,169.44,68,67,54,36,5.86,5.86,5.86,5.86,523.14,437.65,361.67,446.95,95.57,81.6,67.63,88.9,206.06,191.45,171.45,195.9,695,599,507,597,680,586,494,583,56.77,50.89,50.89,55.25,32,28,28,31,131.24,112.14,96.09,114.19,100,94,80,67,22.95,24.85,18.44,17.2,36.18,34.73,42.57,36.09,3,1,0,0,3.28,3.28,3.28,3.28,8,6,6,7,15,13,13,14,205,169,126,169,29,29,29,29,45,45,45,45,10.62,9.92,9.66,10.27,3,3,3,3,0,1,1,0,10.01,9.47,9.91,9.63,28.28,19.84,23.49,21.54,11.99,8.32,14.22,11.77
OF072522,Cage 2,3526140,Batch 3,Phase 1,4,10:55:25 AM,300,Open Field Zones.szm,Corner,81.66,70.92,57.34,69.17,34,33,29,19,26.08,26.14,26.39,26.39,133.35,84,39.71,73.6,30.48,20.32,13.65,13.65,33.97,17.78,8.26,10.8,271,206,143,206,254,191,134,191,27.2,27.2,24.17,25.69,19,19,17,18,54.45,43.72,33.17,43.48,52,51,44,36,8.37,9.55,6.55,6.15,66.3,,,,3,1,0,0,3.3,2.56,1.81,2.95,9,8,5,8,17,15,9,15,62,53,31,54,15,15,15,14,24,24,23,24,7.08,7.08,6.14,7.08,0,0,0,0,0,0,0,0,8.28,7.62,8.29,8.86,27.28,28.66,28,28,7.62,5.9,9.33,8.08
OF072522,Cage 2,3526140,Batch 3,Phase 1,4,10:55:25 AM,300,Open Field Zones.szm,Center,72.69,66.05,54.66,61.35,31,34,39,19,0,0,0,0,274.97,243.35,202.15,243.45,62.87,59.06,51.75,58.42,58.1,54.29,49.21,56.83,387,341,281,342,381,338,278,339,14.69,14.69,11.84,11.84,9,9,7,7,58,51.36,42.81,49.5,40,43,46,26,9.5,8.57,7.03,6.99,37.3,38.83,33.54,37.22,0,0,0,0,1.14,0.17,0.17,0.17,4,3,3,3,6,3,3,3,90,83,51,63,7,6,5,5,9,8,7,7,0.72,0.72,0.72,0.72,0,0,0,1,0,0,0,0,11.53,11.74,11.61,11.54,22.56,24.83,27.65,24.83,19.2,28.2,18.82,10.95
OF072522,Cage 3,3526194,Batch 3,Phase 1,1,10:40:49 AM,300,Open Field Zones.szm,Periphery,204.86,121.22,72.54,166.31,61,65,41,22,7,7,7,7,365.3,307.83,248.91,316.07,90.49,81.6,75.25,89.22,114.62,103.19,91.44,107,605,511,402,502,575,492,390,474,94.91,35.72,10.55,78.24,38,16,8,32,109.96,85.5,62,88.08,95,78,47,53,18.52,18.25,13.26,12.59,39.95,37.23,35.95,33.25,0,0,0,0,4.78,2.83,2.09,4.44,17,11,7,17,30,19,12,28,208,175,123,188,0,0,0,0,0,0,0,0,0,0,0,0,2,2,2,2,1,1,1,1,7.97,8.67,8.44,7.65,19.83,23.53,14.2,14.2,20.79,12.79,13.53,14.2
OF072522,Cage 3,3526194,Batch 3,Phase 1,1,10:40:49 AM,300,Open Field Zones.szm,Corner,130.78,82.78,73.06,104.45,37,44,46,20,7.58,7.58,7.58,7.58,130.46,82.91,46.12,73.05,21.59,15.24,6.35,7.62,26.67,17.46,8.57,12.38,327,222,157,247,308,210,148,228,54.34,27.94,26.94,40.55,24,15,14,18,76.44,54.84,46.13,63.91,60,53,53,38,10.83,10.97,10.78,6.83,,,,219.08,3,0,0,1,5.97,0.89,0.81,5.97,7,5,4,7,19,12,9,19,57,32,19,55,2,2,2,2,4,4,4,4,1.48,1.48,1.48,1.48,0,0,0,0,0,0,0,0,5.4,4.52,3.5,4.26,10.84,8.12,6.2,8.12,8.1,4.85,4.62,4.15
OF072522,Cage 3,3526194,Batch 3,Phase 1,1,10:40:49 AM,300,Open Field Zones.szm,Center,101.56,96,22.08,25.3,22,23,15,7,0,0,0,0,129.4,111.21,90.53,102.19,34.18,34.18,34.18,34.18,22.54,20,17.46,17.46,230,190,136,163,212,174,134,158,62.16,62.16,3.97,5.2,23,23,2,3,39.41,33.84,18.11,20.09,44,41,17,10,6.18,6.03,4.59,3.96,25.93,27.8,27.5,25.32,2,2,3,3,2.63,2.36,0.13,0.41,9,8,1,2,18,16,2,5,96,82,53,78,1,1,1,1,1,1,1,1,0.14,0.14,0.14,0.14,0,0,0,0,1,1,1,1,8.26,9.45,9.13,10.42,13.99,12.15,11.62,12.24,9.03,9.56,10.15,11.45
OF072522,Cage 3,3526194,Batch 3,Phase 1,2,10:45:49 AM,300,Open Field Zones.szm,Periphery,132.82,106.97,83.56,103,78,79,70,36,7,7,7,7,524.76,427.71,335.6,440.19,164.15,139.38,120.02,151.45,129.86,115.25,106.05,122.24,804,648,505,660,768,621,489,628,9.41,8.13,8.13,8.13,7,6,6,6,123.41,98.84,75.44,94.87,85,85,75,42,23.49,21.49,14.41,14.55,44.95,35.26,37.23,25.26,0,1,0,0,4.52,3.02,1.48,3.63,17,11,8,15,36,27,16,32,290,196,113,229,11,10,10,10,13,12,12,12,2.3,2.3,2.3,2.3,1,1,1,1,4,1,1,0,10.72,11.73,11.69,11.78,20.21,20.44,21.44,22.36,16.3,15.64,10.87,18.74
OF072522,Cage 3,3526194,Batch 3,Phase 1,2,10:45:49 AM,300,Open Field Zones.szm,Corner,181.42,162.06,142.56,166.88,49,57,55,25,7.58,7.58,7.58,7.58,187.19,125.48,62.29,106.41,42.23,31.75,11.11,15.56,26.67,21.27,10.48,11.75,586,455,317,456,549,422,290,423,51.36,51.36,50.08,51.36,31,31,30,31,130.07,110.7,92.48,115.52,81,89,86,57,11.26,15.97,15.31,8.5,90,,,160.26,0,1,0,0,7.32,6.23,5.58,7.14,22,20,16,19,37,33,27,33,157,128,76,131,27,27,26,27,47,47,46,47,19.67,19.67,19.67,19.67,1,0,0,0,0,0,0,0,6.87,5.48,4.67,5.24,39.46,16.55,13.87,13.87,7.73,6.37,5.07,7.08
OF072522,Cage 3,3526194,Batch 3,Phase 1,2,10:45:49 AM,300,Open Field Zones.szm,Center,37.23,30.97,24.63,29.86,35,21,22,12,0,0,0,0,205.31,164.72,130.86,169.3,55.25,46.36,42.23,50.48,29.21,25.4,21.59,27.94,291,234,182,230,283,227,179,225,8.41,8.41,8.41,8.41,5,5,5,5,28.83,22.56,16.22,21.45,40,26,27,17,7.18,5.15,3.25,5,72.09,60.53,70.13,49.99,1,1,1,1,0.97,0.48,0.2,0.27,4,3,1,2,8,7,3,5,72,53,22,52,2,2,2,2,2,2,2,2,0,0,0,0,0,0,0,0,0,0,0,0,14.13,14.11,15.12,15.13,21.86,23.52,22.79,22.45,19.76,18.12,21.52,16.09
OF072522,Cage 3,3526194,Batch 3,Phase 1,3,10:50:49 AM,300,Open Field Zones.szm,Periphery,120.54,96.42,70.12,92.7,76,65,79,32,7,7,7,7,441.4,367.73,277.91,374.72,58.74,49.21,30.48,46.99,231.14,210.5,179.71,225.11,632,515,373,530,610,491,361,511,12.06,12.06,11.05,11.05,9,9,8,8,108.48,84.36,59.07,81.65,86,75,87,41,22.44,16.47,17.34,11.34,37.53,28.31,8.85,14.16,1,0,0,0,2.53,2.67,1.3,2.45,12,14,7,10,22,24,12,19,261,193,94,210,11,9,10,10,17,14,14,16,4.24,3.99,3.36,4.16,0,0,0,0,1,2,1,1,11.37,11.76,11.98,12.12,34.71,37.11,37.23,35.63,16.28,15.43,15.49,14.53
OF072522,Cage 3,3526194,Batch 3,Phase 1,3,10:50:49 AM,300,Open Field Zones.szm,Corner,196.88,174.75,155.52,181.3,52,47,67,26,7.58,7.58,7.58,7.58,177.74,101.75,53.85,94.38,24.13,13.97,7.62,7.62,61.28,29.21,13.34,15.88,555,426,306,434,497,376,274,380,56.67,55.66,55.66,56.67,34,33,33,34,140.21,119.1,99.86,124.63,86,78,94,60,13.13,14.25,18.42,7.89,,,,157.38,1,0,1,2,11.21,10.28,5.6,10.85,26,23,16,25,58,50,32,54,190,147,80,161,30,28,27,29,50,49,48,50,17.6,17.5,17.5,17.5,0,0,0,0,0,0,0,0,5.82,4.56,3.38,4.41,15.03,16.99,10.7,18.34,6.76,4.75,4.42,4.01
OF072522,Cage 3,3526194,Batch 3,Phase 1,3,10:50:49 AM,300,Open Field Zones.szm,Center,34.97,28.83,23.94,25.99,47,19,10,8,0,0,0,0,144.63,125.58,99.81,124.95,41.59,33.02,29.85,41.59,23.81,21.91,17.15,20.64,241,188,149,169,237,184,145,165,3.33,3.33,3.33,3.33,2,2,2,2,31.64,25.5,20.61,22.66,49,21,12,10,8.53,5.67,3.56,4.1,36.08,43.48,20.73,23.64,0,0,0,0,0.77,0.77,0.77,0.77,2,2,2,2,4,4,4,4,67,37,35,38,3,3,2,2,4,4,2,2,0.34,0.34,0.09,0.09,1,1,0,0,0,0,0,0,11.28,12.09,12.05,11.78,22.79,23.24,24.24,23.24,16.89,13.23,14.43,13.02
OF072522,Cage 3,3526194,Batch 3,Phase 1,4,10:55:49 AM,300,Open Field Zones.szm,Periphery,129.12,87.07,58.94,79.68,94,79,66,33,7,7,7,7,464.56,365.68,292.39,368.82,100.01,83.82,72.39,87.63,205.11,175.26,154.62,189.23,643,509,360,479,604,467,339,448,17.94,12.63,8.7,11.34,14,10,7,9,111.19,74.45,50.24,68.33,107,89,72,42,24.45,16.71,11.89,12.53,26.79,22.9,16.68,13.2,0,0,0,0,3.92,5.78,3.55,3.02,19,16,9,15,39,42,21,31,185,119,46,119,20,11,8,9,20,10,7,8,4.08,4.02,4.02,4.02,1,1,1,1,3,2,2,3,10.08,11.97,13.27,12.04,25.73,27.99,36.46,28.95,6.3,13.98,9.42,12.84
OF072522,Cage 3,3526194,Batch 3,Phase 1,4,10:55:49 AM,300,Open Field Zones.szm,Corner,201.98,175.25,143.46,185.84,47,53,73,27,7.58,7.58,7.58,7.58,168.04,110.02,53.05,93.73,27.62,18.73,11.11,11.11,48.9,31.12,7.94,13.02,588,467,322,496,522,408,283,434,60.87,55.78,52.97,59.56,35,31,29,34,141.11,119.47,90.49,126.28,83,84,98,62,15.83,21.16,17.96,12.2,108.83,104.04,,,0,0,0,1,11.36,10.39,5.87,10.87,31,27,21,29,66,59,39,62,195,148,83,177,21,21,21,20,35,34,33,34,16,15.59,15.36,16,0,0,0,0,1,0,0,0,6.05,5.09,4.13,4.63,14.13,12.78,14.19,14.19,6.84,5.82,3.9,5.05
OF072522,Cage 3,3526194,Batch 3,Phase 1,4,10:55:49 AM,300,Open Field Zones.szm,Center,45.51,37.68,27.42,32.58,48,25,20,12,0,0,0,0,201.82,174.93,133.01,178.89,42.86,40.32,31.75,42.86,49.53,46.67,40.01,49.53,281,222,178,217,272,214,173,212,7.72,6.36,3.86,3.86,6,5,3,3,37.8,31.32,23.56,28.72,53,29,23,15,7.14,5.29,4.92,4.09,50.45,53.69,36.42,39.31,0,0,0,0,1.3,1.12,0.78,0.78,5,4,3,3,9,8,5,5,98,80,66,81,7,6,4,6,18,17,10,15,3.89,3.89,1.95,3,0,0,0,0,0,0,0,0,12.76,15.85,17.68,17.16,28.46,28.41,33.14,27.74,11.6,25.38,32.96,24.73
OF072522,Cage 4,3526167,Batch 3,Phase 1,1,10:41:09 AM,300,Open Field Zones.szm,Periphery,270.97,268.31,258.3,261.33,10,11,7,5,0.06,0.06,0.06,0.06,46.65,45.64,45.64,45.64,3.81,3.81,3.81,3.81,25.4,25.4,25.4,25.4,198,192,188,192,158,152,149,152,204.83,203.02,194.11,195.92,39,38,35,36,66.14,65.3,64.19,65.41,48,46,41,41,5.84,7.16,6.05,4.99,84.6,84.6,84.6,84.6,0,0,0,0,14.85,14.85,14.52,14.85,18,18,18,18,40,40,39,40,70,70,69,70,1,1,1,1,1,1,1,1,0.13,0.13,0.13,0.13,0,0,0,0,0,0,0,0,2.93,2.92,2.92,2.91,5.92,6.11,6.11,5.86,3.57,3.23,3.23,3.23
OF072522,Cage 4,3526167,Batch 3,Phase 1,1,10:41:09 AM,300,Open Field Zones.szm,Corner,25.66,15.5,15.5,24.77,2,4,4,2,0,0,0,0,2.15,1.14,1.14,2.15,0,0,0,0,0,0,0,0,33,27,27,32,31,24,24,30,17.09,8.19,8.19,17.09,7,4,4,7,8.5,7.25,7.25,7.61,7,8,8,7,0.41,1.3,1.3,0.5,,,,,0,0,0,1,0.39,0.39,0.39,0.39,1,2,2,1,2,3,3,2,8,7,7,8,1,1,1,1,0,0,0,0,0,0,0,0,0,0,0,0,0,0,0,0,3.22,2.66,2.66,3.22,4.23,3.12,3.12,4.23,4.1,3.56,3.56,4.1
OF072522,Cage 4,3526167,Batch 3,Phase 1,1,10:41:09 AM,300,Open Field Zones.szm,Center,16.19,16.19,13.53,13.91,6,6,5,3,0.31,0.31,0.31,0.31,27.6,27.6,26.59,26.59,16.51,16.51,16.51,16.51,2.54,2.54,2.54,2.54,46,46,37,39,42,42,33,35,7.55,7.55,5.74,5.74,4,4,3,3,8.64,8.64,7.8,8.17,9,9,8,6,1.23,1.23,1.38,1,,,,,1,1,1,1,0.92,0.92,0.92,0.92,2,2,2,2,4,4,4,4,15,15,14,15,0,0,0,0,0,0,0,0,0,0,0,0,0,0,0,0,0,0,0,0,5.85,5.85,6.31,5.99,10.39,10.39,10.6,10.39,6.25,6.25,7.87,6.25
OF072522,Cage 4,3526167,Batch 3,Phase 1,2,10:46:09 AM,300,Open Field Zones.szm,Periphery,108.27,92.99,72.94,87.32,64,53,34,23,0.06,0.06,0.06,0.06,135.89,122.86,106.11,115.44,46.04,41.91,40.64,40.64,53.34,48.9,42.55,47.63,413,360,309,346,389,343,299,328,30.22,26.9,20.17,26.83,17,15,12,15,78.05,66.09,52.77,60.49,80,67,46,37,15.49,13.3,11.76,8.72,21.4,22.37,16.64,26.42,1,0,0,1,3.79,3.42,0.84,2.42,10,9,6,9,24,17,10,18,163,143,115,143,1,1,1,1,1,1,1,1,0,0,0,0,0,0,0,0,0,0,0,0,5.78,5.84,6.11,5.55,16.26,11.21,11.21,11.21,6.72,6.55,8.23,7.89
OF072522,Cage 4,3526167,Batch 3,Phase 1,2,10:46:09 AM,300,Open Field Zones.szm,Corner,218.62,198.12,185.83,206.03,30,47,58,18,0,0,0,0,72.2,54.45,44.28,60.87,20.32,19.05,16.51,20.32,18.42,12.07,7.62,13.34,384,315,267,346,308,258,219,279,112.34,105.61,103.92,107.31,39,36,35,37,106.28,92.52,81.91,98.72,68,77,87,55,12.81,12.04,13.7,7.2,174.95,,,171.59,0,1,1,4,13.5,11.3,10.72,12.46,33,24,20,30,76,57,48,67,167,134,88,134,4,4,4,4,10,10,10,10,3.25,3.25,3.25,3.25,0,0,0,0,0,0,0,0,4.72,4.25,4.22,4.45,20.71,19.48,16.09,17.53,5.6,4.88,6.11,6.04
OF072522,Cage 4,3526167,Batch 3,Phase 1,2,10:46:09 AM,300,Open Field Zones.szm,Center,9.23,8.89,5.91,6.66,7,7,6,4,0.31,0.31,0.31,0.31,11.7,10.69,7.84,11.7,6.35,6.35,4.76,6.35,0,0,0,0,41,32,25,31,41,32,25,31,4.7,4.7,3.08,3.08,3,3,2,2,4.53,4.19,2.83,3.58,8,8,7,5,1.25,1.37,0.81,1.19,,,,,0,0,0,0,0,0,0,0,0,0,0,0,0,0,0,0,1,0,0,1,0,0,0,0,0,0,0,0,0,0,0,0,0,0,0,0,0,0,0,0,5.01,5.72,5.05,6.23,6.23,5.72,5.05,6.23,7.28,8.97,3.7,8.69
OF072522,Cage 4,3526167,Batch 3,Phase 1,3,10:51:09 AM,300,Open Field Zones.szm,Periphery,194.11,170.23,129.97,155.39,54,71,54,26,0.06,0.06,0.06,0.06,349.59,304.06,257.21,307.37,131.76,118.75,109.54,126.68,95.25,89.85,80.33,85.41,610,539,421,530,572,505,399,498,66.06,56.34,45.76,52.42,41,35,28,33,128.05,113.89,84.2,102.97,94,105,78,58,18.15,19.04,14.67,12.89,39.26,33.38,24.23,38.71,1,1,2,3,8.3,7.66,4.25,6.24,23,20,13,20,38,34,22,32,215,167,116,183,5,4,4,4,7,6,6,6,0.69,0.69,0.69,0.69,0,0,0,0,1,1,1,1,7.35,7.37,7.6,7.31,24.34,13.06,16.59,25.25,17.45,10.9,13.56,10.65
OF072522,Cage 4,3526167,Batch 3,Phase 1,3,10:51:09 AM,300,Open Field Zones.szm,Corner,158.42,122.19,102.5,139.13,47,50,48,23,0,0,0,0,118.03,81.8,44.28,72.87,37.78,28.58,15.56,20.64,14.29,7.94,2.54,6.67,399,295,216,321,367,270,194,289,52.79,42.22,33.98,47.62,33,26,21,29,105.63,79.97,68.52,91.51,79,74,62,51,18.16,13.44,9.56,6.57,64.98,133.6,,,2,1,0,2,4.77,3.69,3.33,4.77,18,14,12,18,32,25,22,32,114,86,71,111,8,8,8,8,9,9,9,9,3.05,3.05,2.94,3.05,0,0,0,0,0,0,0,0,5.76,4.91,3.81,4.58,15.19,16.46,11.11,13.13,7.93,5,4.06,4
OF072522,Cage 4,3526167,Batch 3,Phase 1,3,10:51:09 AM,300,Open Field Zones.szm,Center,12.27,7.58,3.39,4.98,21,20,6,5,0.31,0.31,0.31,0.31,33.62,17.73,9.73,20.31,2.54,2.54,2.54,2.54,6.99,1.27,1.27,6.99,105,59,38,56,99,53,36,53,2.56,2.56,1.08,1.08,2,2,1,1,9.7,5.02,2.31,3.91,23,21,7,6,3.4,2.33,0.49,0.64,34.54,34.54,,34.54,0,0,0,0,1.52,0.81,0.05,0.33,3,2,1,2,6,6,2,3,27,10,4,16,0,0,0,0,0,0,0,0,0,0,0,0,0,0,0,0,0,0,0,0,11.23,11,11.05,14.02,20.1,17.56,17.44,20.55,11.62,12.79,12.21,16.59
OF072522,Cage 4,3526167,Batch 3,Phase 1,4,10:56:09 AM,300,Open Field Zones.szm,Periphery,142.14,120.62,84.69,115.42,46,46,42,16,0.06,0.06,0.06,0.06,164.7,141.62,121.7,138.7,36.51,36.51,35.24,36.51,40.01,34.61,32.07,33.34,378,309,233,315,351,286,222,292,56.02,51.27,30.88,46.17,33,29,19,26,86.13,69.3,53.81,69.25,77,71,60,42,11.59,11.77,10.04,6.06,47.99,45.61,51.23,47.57,5,3,1,1,4.5,4.14,1.33,3.44,14,11,6,12,27,23,11,23,120,84,43,102,5,4,4,4,6,5,5,5,1.47,1.47,1.47,1.47,0,0,0,0,0,0,0,0,6.08,6.44,6.23,6.07,14.21,14.53,16.89,13.63,6.04,6.58,5.92,6.33
OF072522,Cage 4,3526167,Batch 3,Phase 1,4,10:56:09 AM,300,Open Field Zones.szm,Corner,179.17,149.23,137.08,158.05,19,26,30,7,0,0,0,0,36.26,25.01,13.87,28.67,5.08,3.81,3.81,3.81,6.35,5.08,3.81,5.08,259,205,156,213,230,181,141,187,113.03,93.67,91.41,100.02,51,42,40,46,66.14,55.56,45.67,58.03,69,66,66,54,7.57,6.65,6.83,4.49,,,,,0,0,0,2,3.36,4.25,1.72,2.96,18,14,10,17,29,24,15,26,80,58,32,72,6,6,7,6,11,11,11,11,2.78,2.78,1.95,2.78,0,0,0,0,0,0,0,0,4.2,3.79,2.82,3.75,9.87,9.79,7.07,7.43,4.33,4.23,4,3.88
OF072522,Cage 4,3526167,Batch 3,Phase 1,4,10:56:09 AM,300,Open Field Zones.szm,Center,38.38,30.16,20.78,26.45,28,20,16,9,0.31,0.31,0.31,0.31,74.94,63.36,51.42,62.63,6.99,6.99,6.99,6.99,13.02,11.75,7.62,13.02,191,150,117,149,181,143,113,139,8.94,6.66,4.22,5.45,6,4,2,3,29.44,23.5,16.56,21,33,23,18,11,4.87,4.36,3.95,2.63,19.17,15.07,16.57,13.89,0,0,0,0,2.03,1.2,0.86,2.03,3,2,1,3,10,7,4,10,76,65,52,69,0,0,0,0,0,0,0,0,0,0,0,0,0,0,0,0,0,0,0,0,8.5,9.81,10.28,9.64,18.9,18.9,18.83,21.91,12.07,16.66,14.48,14.39
OF072522,Cage 5,3526543,Batch 3,Phase 1,1,10:41:53 AM,300,Open Field Zones.szm,Periphery,147.06,90.19,70.05,113.94,53,52,39,20,0,0,0,0,309.16,258.11,208.11,266.61,67.95,64.14,56.52,65.41,105.73,93.03,84.14,101.92,423,348,276,357,405,332,266,341,46.31,13.61,13.61,34.36,22,6,6,15,100.66,76.49,56.34,79.48,70,58,45,35,21.87,16.23,10.89,10.2,11.21,11.09,6.22,8.16,0,0,0,1,2.22,1.34,0.23,1.41,10,9,5,9,18,16,10,16,117,63,37,95,4,3,3,3,3,2,2,2,0.02,0.02,0.02,0.02,1,1,1,1,1,1,1,1,6.51,7.38,7.35,7.46,12.69,18.78,13.97,19.76,6.4,11.82,7.58,15.64
OF072522,Cage 5,3526543,Batch 3,Phase 1,1,10:41:53 AM,300,Open Field Zones.szm,Corner,89.19,72.92,50.56,71.31,27,35,32,15,135.17,135.33,138.92,138.92,111.69,69.64,31.59,61.01,17.78,11.43,7.62,8.89,26.67,19.05,7.62,8.89,239,176,104,180,228,167,99,170,23.89,23.89,16.08,21.25,14,14,9,12,65.3,49.03,34.49,50.07,40,46,39,26,7.86,9.4,7.59,2.41,64.98,,,,0,0,0,0,1.78,1.13,0.49,1.67,6,4,2,5,11,9,5,10,84,49,23,64,3,3,2,3,5,5,4,5,2.28,2.28,2.28,2.28,0,0,0,0,0,0,0,0,5.42,4.52,3.21,4.59,10.64,7.46,6.06,8.89,6.69,5.25,5.03,4.28
OF072522,Cage 5,3526543,Batch 3,Phase 1,1,10:41:53 AM,300,Open Field Zones.szm,Center,141.3,136.89,102.37,114.75,17,18,22,6,0.09,0.09,0.09,0.09,127.63,115.09,102.09,115.21,11.64,10.37,10.37,11.64,51.44,50.17,48.9,51.44,231,198,170,200,213,181,155,183,72.33,72.33,47.44,54.22,32,32,21,25,68.97,64.56,54.94,60.53,49,46,40,31,10.36,12.28,9.8,7.68,32.48,32.87,17.9,36.28,3,3,2,3,3.94,3.86,3.55,3.86,9,8,7,8,18,17,15,17,71,66,52,70,1,1,1,1,1,1,1,1,0.06,0.06,0.06,0.06,0,0,0,0,0,0,0,0,4.99,5.18,6.23,5.45,16.76,16.76,16.76,16.76,4.85,16.76,16.76,16.76
OF072522,Cage 5,3526543,Batch 3,Phase 1,2,10:46:53 AM,300,Open Field Zones.szm,Periphery,175.05,145.89,131.01,153.53,54,51,56,27,0,0,0,0,217.24,187.18,153.16,187.22,37.15,35.56,31.43,33.97,51.12,42.55,41.28,42.55,448,373,302,388,425,359,293,370,51.45,48.28,48.28,50.41,26,23,23,25,123.59,97.61,82.73,103.12,80,72,75,52,18.95,16.14,15.36,10.72,39.27,27.18,48.03,65,0,0,0,0,4.5,1.83,1.47,2.97,16,11,7,12,23,14,9,18,121,93,67,104,26,24,24,25,46,44,44,45,13.91,13.91,13.91,13.91,0,0,0,0,0,0,0,0,6.62,6.52,6.01,6.06,22.35,15.18,15.18,15.18,8.65,7.07,5.42,7.78
OF072522,Cage 5,3526543,Batch 3,Phase 1,2,10:46:53 AM,300,Open Field Zones.szm,Corner,30.24,23.03,18.95,22.81,17,18,12,7,135.17,135.33,138.92,138.92,39,20.53,11.54,17.39,2.54,0,0,0,3.81,3.81,2.54,2.54,110,72,49,73,99,67,46,66,5.52,5.52,5.52,5.52,3,3,3,3,24.72,17.52,13.44,17.3,21,22,15,11,3.49,3.91,2.95,1.91,92.36,,,,0,0,0,0,1.92,0.66,0.45,1.52,5,3,2,3,11,5,3,7,33,13,9,20,5,5,5,5,6,6,6,6,1.98,1.98,1.98,1.98,0,0,0,0,0,0,0,0,5.68,5.46,2.89,5.31,9.36,10.47,4.15,8.65,6.18,7.28,4.08,7.53
OF072522,Cage 5,3526543,Batch 3,Phase 1,2,10:46:53 AM,300,Open Field Zones.szm,Center,139.22,131.08,106,122.5,42,33,42,20,0.09,0.09,0.09,0.09,215.67,199.11,178.04,199.42,28.58,26.99,25.4,28.58,65.72,64.45,57.15,65.72,392,358,290,355,374,340,279,338,31.15,31.15,27.98,29.03,19,19,16,17,108.07,99.92,78.02,93.47,60,51,56,36,15.87,13.4,12.93,10.69,68.57,71.01,54.57,52.17,1,1,2,1,4.8,4.8,3.81,4.8,9,9,5,8,18,18,11,17,124,112,78,112,9,9,8,8,16,16,15,15,2.03,2.03,2.02,2.03,1,1,0,0,0,0,0,0,7.06,6.83,7.41,7.09,20.11,20.11,20.11,20.11,9.78,8.97,8.5,6.93
OF072522,Cage 5,3526543,Batch 3,Phase 1,3,10:51:53 AM,300,Open Field Zones.szm,Periphery,110.94,88.61,72.06,97.4,43,63,45,23,0,0,0,0,141.07,110.95,81.62,101.83,10.8,10.8,8.26,8.26,46.67,41.59,30.8,36.2,363,281,204,284,346,273,197,269,38.28,32.44,31.39,38.28,22,20,19,22,72.65,56.17,40.67,59.12,64,82,59,44,11.47,12.75,10.02,6.88,20.38,21.55,20.22,18.79,0,0,0,0,4.03,2.72,2.61,3.98,8,4,3,7,17,8,7,15,87,55,42,71,22,20,20,20,38,37,37,37,9.75,9.75,9.16,9.75,0,0,0,0,0,0,0,0,8.03,7.74,7.18,6.61,17.28,18.14,17.15,17.15,7.95,11.02,7.9,7.9
OF072522,Cage 5,3526543,Batch 3,Phase 1,3,10:51:53 AM,300,Open Field Zones.szm,Corner,47.5,35.7,30.1,36.11,21,24,18,9,135.17,135.33,138.92,138.92,45.61,28.3,14.35,27.16,4.76,3.49,3.49,4.76,7.94,0,0,2.54,154,94,66,99,145,91,65,94,13,13,13,13,8,8,8,8,34.5,22.7,17.09,23.11,29,30,23,17,5.36,4.85,3.78,1.45,246.98,,,234.54,0,0,0,0,2.22,0.72,0.34,0.95,4,2,1,2,9,3,1,5,31,10,5,21,13,13,13,13,23,23,23,23,6.69,6.69,6.5,6.69,0,0,0,0,0,0,0,0,5.98,4.41,4.32,4.42,10.6,8.52,7.42,7.88,7.81,5.11,3.32,3.96
OF072522,Cage 5,3526543,Batch 3,Phase 1,3,10:51:53 AM,300,Open Field Zones.szm,Center,182.5,175.69,158.97,165.55,37,39,24,16,0.09,0.09,0.09,0.09,188.09,175.07,158.9,181.49,23.81,22.54,22.54,23.81,51.75,48.9,43.82,51.75,468,440,390,439,424,398,352,397,77.69,76.64,70.8,70.8,43,42,40,40,104.81,99.05,88.17,94.75,80,80,64,57,11.8,13.58,8.76,7.89,36.85,41.63,44.65,37.25,1,0,1,1,5.81,5.76,6.2,5.76,17,16,15,16,44,42,38,42,149,138,111,137,16,15,15,15,24,24,24,24,2.42,2.41,2.41,2.41,1,1,1,1,0,0,0,0,8.33,8.24,8.39,8.4,25,25.95,27.53,25,9.17,4.1,7.18,12.23
OF072522,Cage 5,3526543,Batch 3,Phase 1,4,10:56:53 AM,300,Open Field Zones.szm,Periphery,173.18,158.94,121.51,138.13,74,79,56,32,0,0,0,0,305.89,246.21,180.54,230.36,86.68,73.66,60.33,76.84,80.01,71.12,59.06,71.12,574,488,353,440,550,469,343,425,59.23,59.1,54.04,54.17,33,33,30,30,113.95,99.84,67.46,83.96,104,108,80,61,23.68,21.6,10.99,11.77,23.23,22.22,7.41,8.97,0,0,1,0,4.01,3.44,2.39,2.44,11,9,4,7,24,19,10,15,129,96,50,98,32,31,30,32,56,51,51,52,13.67,12.72,12.72,12.72,0,0,0,0,1,1,1,1,8.35,7.37,7.38,7.78,23.69,19.83,22.32,18.25,12.53,8.85,11.43,9.54
OF072522,Cage 5,3526543,Batch 3,Phase 1,4,10:56:53 AM,300,Open Field Zones.szm,Corner,75.06,63.08,52.42,66.4,25,34,27,16,135.17,135.33,138.92,138.92,118.06,78.72,39.64,65.92,28.58,18.1,7.62,12.07,18.42,11.75,6.67,6.67,273,209,135,198,256,199,125,182,26,26,26,26,13,13,13,13,49.06,37.08,26.42,40.4,37,45,38,28,9.27,6.28,4.56,4.54,20.71,,,,1,1,0,0,2.36,1.59,1.08,1.81,9,6,5,8,17,10,10,16,73,49,27,67,14,14,13,14,33,33,28,33,11.05,11.05,10.34,11.03,0,0,0,0,0,0,0,0,7.1,5.73,6.45,5.78,19.7,16.81,16.2,16.2,7.76,5.62,5.2,5.56
OF072522,Cage 5,3526543,Batch 3,Phase 1,4,10:56:53 AM,300,Open Field Zones.szm,Center,104.46,77.98,74.4,93.33,41,44,47,20,0.09,0.09,0.09,0.09,188.22,153.01,132.41,171.62,23.81,20.96,18.42,23.81,44.13,37.47,33.66,38.74,393,307,264,359,375,296,254,348,28.5,23.44,23.31,28.38,18,15,15,18,75.96,54.54,51.09,64.95,60,59,60,38,11.04,12.62,12.09,9.4,82.36,82.39,63.02,66.28,1,1,1,1,4.83,3.33,3.28,3.33,10,7,7,7,18,11,10,11,155,98,80,132,12,12,12,12,21,21,21,21,4.06,4.03,4.03,4.03,0,0,0,0,0,1,1,0,8.95,9.69,9.49,8.95,20.47,21.76,22.37,20.47,10.48,8.57,11.46,7.77
OF072522,Cage 6,3526570,Batch 3,Phase 1,1,10:42:12 AM,300,Open Field Zones.szm,Periphery,210.69,184.74,164.89,188.87,49,68,64,33,0,0,0,0,543.89,468.91,376.99,485.82,118.75,107,88.27,110.81,189.55,180.66,161.29,182.88,728,645,526,654,698,623,507,630,83.25,79.66,77.39,78.47,20,17,15,16,127.44,105.08,87.5,110.41,68,84,79,50,22.02,19.97,19.15,16.92,29.4,12.66,13.7,25.15,1,1,1,1,4.41,3.06,2.89,3.26,13,10,8,11,30,22,19,24,230,175,133,204,2,2,2,2,1,1,1,1,0.52,0.52,0.52,0.52,1,1,0,0,2,2,1,1,9.77,9.57,10.09,9.74,20.41,21.06,21.17,21.7,9.66,15.24,12.41,13.69
OF072522,Cage 6,3526570,Batch 3,Phase 1,1,10:42:12 AM,300,Open Field Zones.szm,Corner,97.88,82.31,62.53,81.11,40,47,32,22,103.58,104.72,105.2,105.2,164.47,101.8,49.7,82.45,33.02,16.51,6.35,12.7,35.88,17.78,10.16,14.29,357,269,175,255,341,256,163,239,19.53,17.27,13.67,18.45,12,10,7,11,78.35,65.05,48.86,62.66,52,56,38,33,9.77,11.88,7.11,4.78,26.57,,,,0,0,0,0,2.72,2.28,2.2,2.72,7,6,5,7,16,13,12,16,90,58,42,77,12,12,12,12,15,15,15,15,1.98,1.98,1.98,1.98,0,0,0,0,0,0,0,0,6.49,5.8,4.7,4.99,17.6,17.26,12.86,12.07,9.22,7.62,4.52,4.68
OF072522,Cage 6,3526570,Batch 3,Phase 1,1,10:42:12 AM,300,Open Field Zones.szm,Center,38.79,32.95,26.78,29.7,39,21,17,12,1.06,1.06,1.06,1.06,171.63,136.43,113.54,137.98,13.97,11.75,10.16,11.75,67.95,66.68,65.41,67.95,251,186,139,174,250,185,139,173,7.81,7.81,7.81,7.81,5,5,5,5,30.97,25.14,18.97,21.89,44,26,21,17,5.88,4.37,2.88,2.73,41.25,57.19,81.96,76.42,0,0,0,0,0.02,0.02,0,0.02,1,1,0,1,1,1,0,1,60,48,30,48,0,0,0,0,0,0,0,0,0,0,0,0,0,0,1,0,1,1,0,1,11.18,11.37,10.96,12.54,28.81,28.81,17.6,28.81,27.12,31.28,18.13,14.21
OF072522,Cage 6,3526570,Batch 3,Phase 1,2,10:47:12 AM,300,Open Field Zones.szm,Periphery,144.97,113.12,88.87,112.87,79,85,70,37,0,0,0,0,467.92,380.98,262.3,361.58,92.08,81.6,57.47,73.34,119.38,104.46,84.77,108.9,756,611,452,586,724,589,436,567,18.98,17.67,15.48,15.48,14,13,11,11,125.99,95.45,73.38,97.39,93,97,81,49,23.08,21.56,14.29,14.39,39.07,39.9,33.85,38.22,2,1,0,0,5.89,4.71,3.72,3.74,15,11,7,9,32,22,16,19,194,129,81,147,9,9,9,9,11,11,11,11,3.97,3.97,3.97,3.97,1,1,0,0,1,0,0,0,9.78,9.98,10.07,10.27,19.42,22.29,21.65,21.75,15.14,11.01,14.7,12.83
OF072522,Cage 6,3526570,Batch 3,Phase 1,2,10:47:12 AM,300,Open Field Zones.szm,Corner,140.54,124.31,102.52,124.44,41,46,48,26,103.58,104.72,105.2,105.2,173,103.51,50.12,90.84,33.34,16.19,12.07,15.88,28.58,16.83,6.67,6.67,442,346,237,352,423,333,227,334,40.1,38.97,37.66,40.1,19,18,17,19,100.44,85.34,64.86,84.34,60,63,64,45,10.59,10.5,13.92,6.5,179.42,,,,0,0,0,0,5.27,3.91,2.71,5.06,11,8,6,11,19,13,10,18,117,84,47,97,16,16,16,16,28,28,28,28,5.94,5.94,5.94,5.94,0,0,0,0,0,0,0,0,6.35,5.36,5,5.48,15.82,11.77,11.59,11.59,6.46,5.14,5.04,5.77
OF072522,Cage 6,3526570,Batch 3,Phase 1,2,10:47:12 AM,300,Open Field Zones.szm,Center,74.22,62.56,52.52,59.08,51,39,31,19,1.06,1.06,1.06,1.06,305.95,238.3,204.75,253.85,57.79,49.21,42.86,56.2,46.36,36.83,32.07,36.83,510,411,343,419,492,394,328,402,11.17,8.99,8.99,8.99,8,6,6,6,63.05,53.58,43.53,50.1,58,45,37,25,10.98,10.69,7.22,8.32,57.81,67.55,70.14,38.23,1,0,0,0,1.5,1.5,1.31,1.5,10,9,9,9,18,17,15,17,222,170,124,172,0,0,0,0,0,0,0,0,0,0,0,0,0,0,0,0,1,0,0,0,11.19,10.67,11.36,11.92,20.5,18.99,19.95,23.96,16.47,13.41,14.94,13.8
OF072522,Cage 6,3526570,Batch 3,Phase 1,3,10:52:12 AM,300,Open Field Zones.szm,Periphery,172.41,140.97,111.22,135.09,85,87,73,31,0,0,0,0,321.52,246.89,165.55,248.78,39.69,31.12,21.91,31.12,93.66,81.92,69.85,88.58,654,521,366,516,620,494,343,485,45.28,39.11,37.08,38.39,30,25,24,25,127.13,101.86,74.15,96.7,116,112,96,57,20.65,19.02,15.74,10.84,43.99,50.88,9.68,45.83,2,1,0,2,6.16,4.22,4.58,4.91,14,11,9,12,34,27,23,31,164,117,55,120,9,9,8,8,12,12,11,11,3.73,3.73,3.73,3.73,1,1,0,1,2,2,0,1,8.99,8.77,7.37,9.02,29.89,33.92,15.97,29.69,12.35,13.9,5.78,16.51
OF072522,Cage 6,3526570,Batch 3,Phase 1,3,10:52:12 AM,300,Open Field Zones.szm,Corner,107.08,93.85,73.5,93.47,46,43,48,21,103.58,104.72,105.2,105.2,106.46,63.58,34.8,54.09,19.37,11.43,8.89,11.43,13.97,10.16,5.08,5.08,377,282,194,288,334,242,169,250,22.83,22.81,19.01,22.83,17,17,14,17,84.25,71.03,54.48,70.64,62,58,61,37,9.97,9.1,9.75,5,,,,,3,1,0,0,8.56,8.51,5.26,8.27,20,18,12,18,43,40,25,38,115,80,39,94,10,10,10,10,15,15,15,15,3.02,3.02,3.02,3.02,0,0,0,0,0,0,0,0,6.33,5.41,4.09,4.72,19.74,18.06,13.17,11.41,4.1,5.62,3.85,4.58
OF072522,Cage 6,3526570,Batch 3,Phase 1,3,10:52:12 AM,300,Open Field Zones.szm,Center,85.56,65.19,54.09,70.52,50,44,37,17,1.06,1.06,1.06,1.06,306.61,256.9,211.05,256.34,46.67,45.4,39.37,45.4,69.22,60.96,54.29,58.1,486,389,320,403,474,380,315,394,12.78,10.75,8.38,11.45,10,9,7,9,72.78,54.44,45.71,59.06,59,51,43,26,15.36,11.85,8.9,9.48,37.92,41.33,38.99,37.5,0,0,0,0,1.17,1.25,1.02,0.88,7,4,3,5,12,9,5,9,175,148,107,163,2,1,1,2,2,1,1,2,0,0,0,0,0,0,0,0,2,1,0,1,11.56,13.11,12.82,11.34,25.6,24.57,24.33,25.65,15.91,17.88,16.94,16.34
OF072522,Cage 6,3526570,Batch 3,Phase 1,4,10:57:12 AM,300,Open Field Zones.szm,Periphery,170.15,133.82,94.74,136.92,85,101,79,35,0,0,0,0,447.47,352.01,258.92,364.39,133.03,111.76,90.17,110.81,129.22,107,92.08,116.21,776,619,478,638,738,600,467,610,41.08,35.92,23.98,32.86,25,21,14,20,129.07,97.88,70.76,104.07,110,120,92,55,23.46,21.54,15.81,14.97,40.94,23.15,18.62,25.94,2,0,0,1,4.89,2.8,2.08,3.72,18,9,5,13,38,19,11,28,279,185,96,219,13,13,11,11,18,18,17,17,5.08,5.08,5.08,5.08,0,1,1,0,1,1,1,2,9.22,9.53,9.19,8.51,19.3,20.42,20.44,22.2,14.77,12.59,13.37,13.72
OF072522,Cage 6,3526570,Batch 3,Phase 1,4,10:57:12 AM,300,Open Field Zones.szm,Corner,117.11,91.14,64.29,86.64,59,55,49,20,103.58,104.72,105.2,105.2,137.01,70.26,26.42,55.51,29.53,12.07,4.45,8.57,30.8,15.88,5.08,7.94,398,258,137,245,374,242,128,232,36.91,31.22,26.08,31.47,24,20,16,20,80.2,59.92,38.21,55.17,82,74,62,41,10.7,11.61,10.11,5.83,,,,,1,0,0,0,2.64,1.17,0.64,0.87,10,8,5,7,24,16,9,13,79,40,16,50,9,9,9,9,14,14,14,14,6.59,6.34,6.34,6.59,0,0,0,0,0,0,0,0,6.2,5.01,4.08,5.38,25.28,11.08,10,25.28,6.74,4.26,4,6.56
OF072522,Cage 6,3526570,Batch 3,Phase 1,4,10:57:12 AM,300,Open Field Zones.szm,Center,94.46,75.04,65.56,75.97,54,46,36,18,1.06,1.06,1.06,1.06,349.16,312.47,260.85,308.82,76.52,71.12,57.47,73.34,69.85,69.85,58.42,66.99,604,516,441,528,578,499,425,506,14.84,6.98,6.98,9.81,8,4,4,5,79.6,68.06,58.58,66.16,62,49,39,23,11.82,10.99,9.64,8.72,59.85,65.01,38.64,48.34,0,0,0,0,2.31,2,2,2.08,12,8,7,10,26,17,16,22,265,210,168,223,1,1,1,1,2,2,2,2,0.72,0.72,0.72,0.72,1,1,1,1,1,1,1,1,10.74,11.33,11.65,11.17,21.1,23.51,23.42,21.47,13.92,16.08,11.04,14.28
OF072522,Cage 7,3526489,Batch 3,Phase 1,1,10:42:28 AM,300,Open Field Zones.szm,Periphery,189.45,175.81,162.34,177.03,48,53,52,31,0,0,0,0,524.81,467.93,410.67,478.14,181.29,167.96,151.45,172.4,181.61,172.72,163.83,176.53,736,680,588,672,706,653,565,645,59.19,59.19,57.69,57.69,21,21,20,20,129.89,116.25,104.28,118.97,69,74,72,51,22.49,18.05,20.21,18.01,27.66,24.71,31.69,33.82,6,3,2,3,4.24,4.16,4.1,4.16,14,12,10,12,30,27,23,27,219,172,133,192,1,1,1,1,1,1,1,1,0.13,0.13,0.13,0.13,1,1,1,1,2,3,3,3,8.06,8.12,8.14,8.32,14.22,15.16,17.04,15.33,10.65,11.83,10.84,11.94
OF072522,Cage 7,3526489,Batch 3,Phase 1,1,10:42:28 AM,300,Open Field Zones.szm,Corner,125.1,113.24,101.28,112.78,43,43,40,27,76.06,76.28,76.33,76.33,173.14,116.89,66.98,110.48,42.86,26.35,14.29,21.91,26.67,17.78,8.89,13.97,427,352,272,350,406,332,255,329,31.25,29.75,29.75,31.25,16,15,15,16,93.85,83.49,71.54,81.53,59,58,53,43,13.73,12.67,7.67,7.08,175.54,,,145.75,1,2,1,1,3.41,3.33,3.05,3.41,10,10,8,10,21,20,17,21,136,106,85,114,2,2,2,2,2,2,2,2,0.41,0.41,0.41,0.41,0,0,0,0,0,0,0,0,5.61,5.03,3.99,4.88,19.32,19.32,9.91,16.82,6.29,5.62,3.76,5.29
OF072522,Cage 7,3526489,Batch 3,Phase 1,1,10:42:28 AM,300,Open Field Zones.szm,Center,12.81,10.95,9.27,10.08,14,11,9,6,0.38,0.38,0.38,0.38,51.14,47.33,40.36,42.63,6.77,6.77,5.5,6.77,26.99,26.99,26.99,26.99,107,74,59,68,107,74,59,68,0,0,0,0,0,0,0,0,12.81,10.95,9.27,10.08,14,11,9,6,2,2.19,1.94,1.37,62.78,62.78,62.78,62.78,1,1,1,1,0,0,0,0,0,0,0,0,0,0,0,0,10,10,3,9,0,0,0,0,0,0,0,0,0,0,0,0,0,0,0,0,0,1,0,1,9.13,9.72,5.65,5.88,18.43,16.36,6.06,6.06,10.86,10.86,5.17,6.46
OF072522,Cage 7,3526489,Batch 3,Phase 1,2,10:47:28 AM,300,Open Field Zones.szm,Periphery,158.2,139.55,117.88,135.97,52,52,43,28,0,0,0,0,399.09,343.18,290.73,343.03,105.09,92.08,83.5,93.66,128.59,119.06,109.86,119.38,517,451,385,452,494,432,367,429,47.47,46.17,37.69,40.97,28,27,21,23,110.73,93.38,80.19,95,77,75,63,51,21.26,19.4,14.06,11.31,62.35,52.38,56.09,42.58,3,2,1,1,1.47,1.34,1.16,1.47,12,11,11,12,23,19,18,23,143,117,83,126,4,4,4,4,4,4,4,4,1.34,1.34,1.34,1.34,2,2,3,2,1,0,0,0,8.02,8.26,7.91,7.93,19.67,20.15,20.12,19.5,9.63,11.76,10.03,9.83
OF072522,Cage 7,3526489,Batch 3,Phase 1,2,10:47:28 AM,300,Open Field Zones.szm,Corner,100.36,84.81,71.5,89.85,25,34,35,15,76.06,76.28,76.33,76.33,96.48,66.77,36.81,62.27,21.59,16.51,8.89,10.16,23.81,17.15,10.16,15.56,238,183,135,204,218,169,125,184,41,34.41,33.11,39.61,24,19,18,23,59.36,50.41,38.39,50.24,50,51,49,39,7.36,10.13,8.83,3.2,236.92,,,,0,0,1,0,4.08,3.24,2.09,4.08,8,5,4,8,20,14,10,20,63,40,23,58,9,9,9,9,15,15,15,15,7.31,7.31,7.31,7.31,0,0,0,0,0,0,0,0,5.38,4.49,4.55,5.1,11.7,11.7,11.24,11.24,5.25,5.31,4.73,6.72
OF072522,Cage 7,3526489,Batch 3,Phase 1,2,10:47:28 AM,300,Open Field Zones.szm,Center,82.39,75.64,70.3,73.56,25,19,17,13,0.38,0.38,0.38,0.38,268.99,241.1,215.15,244.44,61.6,58.1,52.71,61.6,29.53,26.99,24.45,28.26,337,298,267,298,331,293,264,292,19.86,17.97,17.97,17.97,11,10,10,10,62.53,57.67,52.33,55.59,35,29,27,23,11.29,11.4,9.89,10.05,65.49,61.37,61.14,73.61,0,1,0,0,1.21,1.1,0.39,1.19,5,5,3,5,6,5,3,6,68,58,50,63,0,0,0,0,0,0,0,0,0,0,0,0,1,1,0,0,2,1,1,2,9.34,8.88,8.36,8.76,20.75,20.41,20.41,20.41,15.67,10,8.67,13.42
OF072522,Cage 7,3526489,Batch 3,Phase 1,3,10:52:28 AM,300,Open Field Zones.szm,Periphery,171.94,147.61,124.97,153.58,55,60,54,28,0,0,0,0,451.91,382.47,307.4,385.19,98.43,86.04,75.25,92.39,117.16,105.41,91.44,112.08,637,540,440,551,622,528,429,536,52.67,50.28,45,51.09,25,23,20,24,119.27,97.34,79.97,102.49,79,82,72,52,22.46,20.51,15.53,13.34,55.21,54.38,68.99,53.81,1,1,0,0,3.63,3.3,3.3,3.61,7,6,5,7,15,12,11,15,128,84,49,100,14,14,14,14,19,19,19,19,5.06,5.06,5.06,5.06,1,2,1,2,1,0,0,1,9.24,9.13,8.22,8.8,18.97,18.97,18.04,18.97,13.29,12.57,10.25,13.18
OF072522,Cage 7,3526489,Batch 3,Phase 1,3,10:52:28 AM,300,Open Field Zones.szm,Corner,64.6,55.36,44.41,53.3,25,22,20,14,76.06,76.28,76.33,76.33,123.38,76.12,38.74,68.58,14.61,5.08,1.27,1.27,32.39,20.96,12.07,14.61,240,181,114,164,228,169,104,153,16.45,16.45,15.45,15.45,9,9,8,8,48.15,38.91,28.96,37.85,34,31,28,22,9.95,8.18,5.02,2.91,,,,,0,0,0,0,1.67,1.67,1.48,1.48,5,5,4,5,12,12,10,11,43,37,26,35,6,6,6,6,10,10,10,10,2.81,2.81,2.81,2.81,0,0,0,0,0,0,0,0,7.15,4.77,3.65,5.32,20.9,10.24,7.17,9.32,7.4,5.72,4.1,5.97
OF072522,Cage 7,3526489,Batch 3,Phase 1,3,10:52:28 AM,300,Open Field Zones.szm,Center,111.49,97.03,83.65,92.81,41,37,34,16,0.38,0.38,0.38,0.38,217.4,184.18,152.13,186.1,37.15,35.88,27.31,33.34,23.18,20.64,17.78,20.32,411,344,291,353,396,329,276,338,32.47,27.19,25.8,27.38,22,19,18,19,79.02,69.84,57.86,65.44,61,55,51,35,14.97,12.36,9.61,8.69,32.8,44.82,56.74,53.44,0,0,0,0,2.16,2.16,2.16,2.16,4,4,4,4,15,15,15,15,94,84,69,86,2,2,2,2,2,2,2,2,0,0,0,0,1,1,1,1,0,0,0,0,7.37,7.61,7.62,7.89,18.7,18.7,19.8,20.84,10.9,9.97,12.62,15.91
OF072522,Cage 7,3526489,Batch 3,Phase 1,4,10:57:28 AM,300,Open Field Zones.szm,Periphery,118.21,92.08,66.11,92.03,54,54,58,29,0,0,0,0,364.71,296.34,215.32,287.83,59.37,50.48,37.78,50.17,151.45,137.48,115.25,138.75,516,428,314,421,483,402,298,397,16.39,10.39,8.86,11.69,11,7,6,8,101.79,81.65,57.25,80.34,65,60,61,37,17.39,15.44,11.25,9.93,11.71,6.25,3.7,4.22,0,0,0,0,5.02,3.97,3.85,3.56,15,12,7,11,33,26,16,24,132,95,40,100,7,7,7,7,8,8,8,8,2.42,2.42,2.42,2.42,1,0,0,0,0,0,0,0,9.04,8.25,9.03,8.54,21.87,18.95,18.09,19.34,13.09,10.89,13.14,10.74
OF072522,Cage 7,3526489,Batch 3,Phase 1,4,10:57:28 AM,300,Open Field Zones.szm,Corner,157.83,137.92,124.26,141.8,42,35,34,20,76.06,76.28,76.33,76.33,147.73,94.64,57.46,94.18,20.32,8.89,5.08,11.75,48.58,31.12,18.42,25.08,360,287,212,293,322,263,194,261,52.52,49.4,48.16,49.69,32,30,29,30,105.31,88.53,76.1,92.11,72,64,62,50,14.61,14.19,13.33,8.13,,,,,1,2,0,1,10.36,7.16,5.03,8.58,17,13,12,16,38,24,18,32,91,70,59,84,17,17,17,17,26,26,26,26,7.97,7.97,7.97,7.97,0,0,0,0,0,0,0,0,5.01,4.32,3.7,4.48,15.68,7.78,7.56,15.68,7.89,5.67,2.74,4.79
OF072522,Cage 7,3526489,Batch 3,Phase 1,4,10:57:28 AM,300,Open Field Zones.szm,Center,79.58,70,57.53,65.64,31,19,20,12,0.38,0.38,0.38,0.38,235.74,200.2,169.02,201.56,23.81,22.54,17.46,20,43.5,38.74,37.47,43.5,336,274,231,280,326,264,223,270,17.49,17.45,12.69,15.89,10,10,7,9,62.1,52.55,44.85,49.75,42,28,27,22,13.87,11.86,9.69,10.01,32.48,34.68,25.07,23.22,0,0,0,0,0.84,0.84,0.8,0.84,5,5,4,5,10,10,8,10,66,62,49,66,4,4,4,4,6,6,6,6,0.8,0.8,0.8,0.8,0,0,0,0,0,0,0,0,9.86,9.77,9.24,10.58,18.66,19.08,17.89,19.48,15.46,14.5,10.86,10.91
OF072522,Cage 8,3526516,Batch 3,Phase 1,1,10:42:47 AM,300,Open Field Zones.szm,Periphery,155.71,115.01,84.44,117.91,85,97,61,39,12.86,13.02,13.3,13.3,421.75,323.25,241.62,319.21,139.38,119.38,104.78,123.19,60.96,48.9,39.37,52.71,838,678,503,663,793,644,474,627,16.44,10.98,9.95,14.02,11,7,6,9,139.28,104.03,74.49,103.89,94,103,65,47,22.39,19.19,13.35,16.27,57.81,67.99,66.24,49.13,0,0,0,1,6.22,5.81,5.41,5.47,18,13,9,12,45,34,29,36,331,227,140,259,4,2,1,3,4,2,1,3,0.02,0.02,0.02,0.02,1,0,0,1,0,0,1,1,8.92,8.35,8.46,8.99,23.79,16.92,16.92,17.21,13.76,13.89,14.37,14.03
OF072522,Cage 8,3526516,Batch 3,Phase 1,1,10:42:47 AM,300,Open Field Zones.szm,Corner,129.04,110.38,81.17,107,38,55,51,23,15.64,15.7,16,16,166.39,115.14,55.9,105.91,30.48,21.91,12.07,14.61,21.59,13.34,6.35,6.35,465,336,211,349,447,326,203,334,25.05,25.05,19.6,20.99,16,16,12,13,104,85.33,61.58,86.01,54,70,61,36,11.41,15.22,12.64,10.02,139.68,,,,0,0,0,1,3.56,2.7,2.61,3.5,12,7,5,10,18,10,8,15,133,78,34,111,8,8,7,7,18,18,17,17,4.99,4.96,4.96,4.99,0,0,0,0,0,0,0,0,5.88,4.61,4,4.65,14.93,10.37,11.98,11.21,6.99,5.51,4.16,5.03
OF072522,Cage 8,3526516,Batch 3,Phase 1,1,10:42:47 AM,300,Open Field Zones.szm,Center,95.15,74.61,63.11,73.84,47,42,34,22,0,0,0,0,290.67,249.94,210.68,254.82,73.77,67.73,57.57,71.23,34.61,30.8,25.72,32.07,594,487,412,497,576,477,405,484,20.41,17.41,17.41,18.44,11,9,9,10,74.75,57.21,45.71,55.41,58,51,43,32,14.46,9.32,6.36,7.51,31.75,28.7,23.02,28.43,1,1,1,1,1.11,0.31,0.88,0.64,10,6,4,8,18,10,7,13,319,245,183,257,6,6,6,6,8,8,8,8,0.91,0.91,0.88,0.88,0,0,0,0,1,1,0,0,10.69,11.35,12.97,12.65,21.34,21.1,21.97,22.02,15.67,15.8,19.11,17.46
OF072522,Cage 8,3526516,Batch 3,Phase 1,2,10:47:47 AM,300,Open Field Zones.szm,Periphery,169.83,144.11,110.38,142.66,68,95,73,36,12.86,13.02,13.3,13.3,461.57,367.2,267.66,372.97,133.67,109.22,87.31,118.75,113.35,99.06,81.6,105.73,775,647,481,641,730,606,456,604,23.3,22.63,21.53,22.63,12,12,11,12,146.53,121.48,88.84,120.03,80,105,83,48,22.53,23.31,15.31,15.15,40.38,39.24,24.04,36.83,0,0,0,0,8.56,7.72,4.77,7.94,21,18,12,17,45,41,25,37,300,186,104,230,22,22,21,21,35,35,31,33,7.89,7.87,6.59,7.03,3,3,2,3,1,0,0,0,8.77,9.13,8.55,8.63,22.99,25.95,17.92,17.51,11.39,11.53,11.56,9.79
OF072522,Cage 8,3526516,Batch 3,Phase 1,2,10:47:47 AM,300,Open Field Zones.szm,Corner,106.09,86.73,70.03,85.83,44,47,37,22,15.64,15.7,16,16,164.02,98.93,46.52,78.85,42.23,25.72,8.26,14.61,30.8,19.37,8.89,12.7,399,275,186,277,379,259,172,260,27.72,27.72,27.05,27.72,15,15,15,15,78.38,59.02,42.98,58.11,59,61,50,37,11.88,12.05,9.11,7.58,81.37,,,,0,1,0,0,3.75,3.05,2.99,3.22,12,10,9,10,20,16,14,17,93,40,24,68,25,26,26,25,38,38,38,38,11.7,11.12,10.94,11.7,0,0,0,0,0,0,0,0,7.12,5.97,4.29,5.48,18.42,19.75,9.06,14.51,8.58,4.56,6.43,6.04
OF072522,Cage 8,3526516,Batch 3,Phase 1,2,10:47:47 AM,300,Open Field Zones.szm,Center,89.22,69.16,60.14,68.45,56,48,30,17,0,0,0,0,323.75,278.84,236.88,287.66,88.27,81.6,74.61,83.19,44.45,38.42,34.61,38.42,523,437,362,424,501,422,347,407,8.22,7.13,7.13,7.13,7,6,6,6,81,62.03,53.02,61.33,64,55,37,24,14.14,10.44,8.29,8.28,32.66,37.42,18.51,22.36,0,0,0,0,3.19,2.44,2.44,3.02,14,10,10,11,22,15,15,17,218,169,141,185,13,8,8,10,19,13,13,15,1.69,1.58,1.58,1.58,0,1,0,0,1,1,0,0,11.75,12.64,12.54,13.09,25.7,24.68,27.69,25.7,17.11,18.26,18.33,19.05
OF072522,Cage 8,3526516,Batch 3,Phase 1,3,10:52:47 AM,300,Open Field Zones.szm,Periphery,175.85,143.07,105.83,134.35,100,93,74,33,12.86,13.02,13.3,13.3,443.87,358.46,269.44,362.51,137.8,126.68,101.6,126.68,110.17,96.84,87.95,103.19,793,629,453,602,753,600,432,572,27.71,26.3,20.83,23.5,18,17,13,15,147.82,116.77,85,110.85,118,110,85,48,23.29,19.15,15.57,14.92,27.78,24.01,8.18,15.41,1,1,0,0,8.14,6.52,4.5,6.56,21,15,10,16,40,29,21,30,336,221,121,224,27,25,24,24,52,50,49,49,12.72,12.7,12.7,12.7,0,0,0,0,2,2,1,2,8.69,9.13,9.56,9.3,16.9,18.79,18.72,17.04,11.75,11.16,15.62,12.27
OF072522,Cage 8,3526516,Batch 3,Phase 1,3,10:52:47 AM,300,Open Field Zones.szm,Corner,132.45,112.22,92.09,118.36,45,45,72,21,15.64,15.7,16,16,162.64,107.56,58.78,96.8,36.83,19.69,11.75,15.56,22.86,16.51,7.62,8.89,462,352,226,374,425,320,209,338,25.54,22.43,22.1,25.54,16,14,14,16,106.91,89.79,69.99,92.82,61,59,85,37,13.35,15.92,14.63,6.14,168.59,,,,1,0,0,0,8.33,6.28,4.48,7.87,18,15,8,18,37,32,17,36,187,130,58,177,15,16,18,15,36,36,34,36,14.51,14.42,14.12,14.51,0,0,0,0,0,0,0,0,6.59,6.35,4.55,5.43,14.58,16.98,11.76,11.76,10.63,6.09,5.37,3.87
OF072522,Cage 8,3526516,Batch 3,Phase 1,3,10:52:47 AM,300,Open Field Zones.szm,Center,65.68,44.72,32.06,45.64,58,48,28,18,0,0,0,0,267.3,222.94,186.3,220.58,45.4,36.2,33.02,40.32,62.23,58.42,53.98,56.83,419,302,218,320,412,298,217,314,6.03,3.67,2.27,3.31,4,2,1,2,59.65,41.05,29.8,42.33,62,50,29,20,11.7,8.94,7.35,6.66,33.81,37.92,19.52,29.11,0,0,0,0,0.48,0.23,0,0.48,5,3,1,4,7,4,1,6,118,67,29,83,10,10,10,10,14,14,14,14,2.09,2.09,2.09,2.09,0,0,0,0,0,0,0,0,11.12,11.78,13.2,11.76,23.8,24.52,27.43,24.87,15.75,18.77,22.8,16.82
OF072522,Cage 8,3526516,Batch 3,Phase 1,4,10:57:47 AM,300,Open Field Zones.szm,Periphery,129.82,108.94,87.46,111.6,56,58,56,29,12.86,13.02,13.3,13.3,301.17,250.32,180.61,241.15,75.57,65.41,52.39,61.6,60.96,56.83,51.12,55.25,519,419,324,436,496,405,317,417,28.16,25.61,25.61,28.05,18,17,17,18,101.66,83.33,61.84,83.55,75,72,67,47,16.96,15.83,12.03,10.92,35.28,39.99,27.57,41.07,0,0,0,0,3.58,1.92,0.53,3.34,13,9,5,11,23,14,7,19,181,131,73,147,26,24,26,24,42,41,40,41,11.28,11.28,10.11,11.28,1,1,1,1,0,0,0,0,8.49,8.29,7.68,8.32,19.4,24.17,22.42,17.36,10.14,10.6,8.05,10.87
OF072522,Cage 8,3526516,Batch 3,Phase 1,4,10:57:47 AM,300,Open Field Zones.szm,Corner,96.74,87.33,74.65,83.83,27,23,33,13,15.64,15.7,16,16,68.28,41.69,21.81,32.91,12.7,7.62,5.08,6.35,7.62,6.35,5.08,5.08,260,198,136,194,236,177,118,170,42,42,39.56,39.56,19,19,18,18,54.74,45.33,35.09,44.27,44,40,48,30,7.03,6.24,6.36,3.05,,,,,0,0,0,0,4.99,4.78,3.95,4.89,11,10,9,11,24,21,18,24,86,67,41,81,11,9,10,9,12,10,10,10,5.67,5.36,5.25,5.36,0,0,0,0,1,0,0,0,6.98,5.13,4.05,5.76,24.93,12.32,11.33,15.41,2.6,5.03,3.52,8.56
OF072522,Cage 8,3526516,Batch 3,Phase 1,4,10:57:47 AM,300,Open Field Zones.szm,Center,117.25,103.73,95.53,103.05,39,34,23,18,0,0,0,0,281.44,228.89,197.92,240.74,59.37,51.44,43.82,56.52,49.53,43.82,40.96,46.67,595,522,469,533,568,497,445,509,8.38,8.27,8.27,8.27,6,6,6,6,108.87,95.36,87.26,94.78,46,40,29,24,16.3,11.5,10.75,11.3,54.58,56.18,55.97,65.61,0,0,1,1,4.86,3.81,3.81,3.81,13,12,11,11,27,25,24,24,309,266,247,287,17,15,14,15,33,31,30,31,5.52,5.52,5.52,5.52,0,0,0,0,1,1,1,1,10.06,9.79,9.42,10.21,19.61,20.17,22.59,22.59,9.41,11.71,10.63,9.47
